,AWBL,SABD,AWBR,CANL,PVDL,CANR,RMFR,SMDDR,SMDDL,SAADR,URXR,RIH,RIGL,ADER,ADEL,FLPR,FLPL,ASKL,AIAL,URAVR,URYVR,IL1VR,RMDR,RMHR,URAVL,PVR,AVM,BWM-DL08,BWM-DL04,BWM-DL05,BWM-DL07,BWM-DL03,BWM-DL01,BWM-DL02,BWM-DL06,AVAL,URXL,IL2VL,IL1VL,RIBL,OLQVL,CEPDL,BWM-DR07,BWM-DR05,AIBR,URBL,URYDR,OLQDR,BWM-DR01,BWM-DR03,CEPDR,BWM-DR06,BWM-DR02,BWM-DR04,AVAR,OLQVR,OLLR,IL2R,IL2L,IL1L,SAAVL,AVJL,AVHL,RIVL,ALNL,SDQL,ALMR,RMDDL,ALNR,IL1R,AINR,AVJR,AVHR,SDQR,SMBDL,CEPVL,RIMR,RMFL,ADAR,BAGL,ASER,BWM-VR08,BWM-VL06,BWM-VL02,RMDVL,SIAVR,AVDL,PVCR,RIFR,BDUR,AVBR,AVFR,AVFL,ASHR,AIAR,ASKR,PVQR,RMGR,ASJR,AIMR,ASGR,PVPR,AVBL,BWM-DR08,URBR,RMDL,URYVL,BAGR,AVKR,AVKL,SIADR,SIBDR,ADFR,AWAR,AWCR,ASIR,AINL,AFDR,AUAR,AIYR,SMBDR,SMBVR,PVPL,AQR,PVCL,SAAVR,SAADL,SMDVR,RMDVR,SIAVL,RMHL,RICL,SIBVR,RID,AVDR,ALML,BDUL,ASHL,ADFL,RMGL,PVQL,AIML,ASJL,AIBL,AUAL,AFDL,ASGL,BWM-VL04,BWM-VL01,BWM-VL03,BWM-VL08,BWM-VL07,BWM-VL05,AVEL,ADLL,AVER,ALA,ADLR,BWM-VR06,BWM-VR02,BWM-VR04,BWM-VR07,BWM-VR05,BWM-VR01,BWM-VR03,AWCL,RMEV,CEPVR,AIZR,RICR,ASIL,DVA,RIGR,DVC,PVT,ADAL,RIML,SIBVL,SIBDL,SIADL,RIR,AVL,RIVR,RIS,SMDVL,RIAR,RIAL,RIBR,IL2VR,URADR,IL2DR,IL1DR,OLLL,RIPR,SMBVL,AIZL,AIYL,AWAL,ASEL,RIFL,RMEL,RIPL,RMED,RMER,RMDDR,URYDL,IL1DL,URADL,OLQDL,IL2DL
AWBL,0,0,142602,0,0,0,0,0,0,0,0,0,58798,0,0,0,0,0,651847,0,0,0,0,0,0,0,0,0,0,0,0,0,0,0,0,18923,282501,0,0,426455,0,0,0,0,139560,0,0,0,0,0,0,0,0,0,0,0,0,0,0,0,0,0,84480,0,0,0,0,0,0,0,0,0,832634,0,109148,0,0,0,0,0,92252,0,0,0,0,0,0,0,0,0,0,316293,70963,0,0,0,0,0,0,0,0,0,0,0,0,0,0,34129,0,0,0,0,0,21626,0,0,0,0,0,77721,0,0,0,0,0,0,0,0,0,0,0,0,0,0,0,0,0,941107,1979197,98672,0,494714,41564,270673,225392,482887,0,0,0,0,0,0,0,0,1216512,0,0,0,0,0,0,0,0,0,0,234178,0,0,0,0,298045,51025,0,0,0,153077,0,0,0,0,0,0,0,0,0,0,57108,0,0,0,0,0,0,0,1291192,1875118,1045186,3822888,983347,714362,0,0,0,0,0,0,0,0,0,0
SABD,0,0,11489,0,0,0,0,0,0,0,0,0,0,0,0,0,0,0,0,0,0,0,0,0,0,0,0,0,0,0,0,0,0,0,0,0,0,0,0,0,0,0,0,0,5068,0,0,0,0,0,0,0,0,0,0,0,0,0,0,0,189911,0,0,0,0,0,0,0,0,0,0,0,0,0,0,0,0,0,0,0,95969,0,0,0,0,197345,0,0,0,0,31764,0,0,10475,0,37847,0,0,63528,0,177408,0,0,0,0,0,0,0,0,0,0,0,48998,128747,0,73666,0,31088,32102,0,0,116582,0,0,0,0,0,0,0,0,0,0,0,0,0,0,0,0,0,0,0,0,0,0,0,0,0,0,0,0,0,0,0,0,0,0,0,0,0,0,0,0,0,0,0,0,0,0,72990,104079,0,4392,0,0,0,0,0,16220,0,0,0,0,0,0,68259,0,0,0,0,0,0,0,0,0,0,0,0,0,0,0,0,0,0,0,0,0,0,0,0,0
AWBR,142602,11489,0,0,0,0,0,0,0,0,271349,0,0,0,0,0,0,0,0,0,9799,0,0,0,0,0,0,0,0,0,0,0,0,0,0,0,0,0,0,0,0,0,0,0,166256,0,0,0,0,0,0,0,0,0,21288,0,0,0,0,0,0,0,1447649,0,0,0,36833,0,0,0,0,0,0,0,0,0,156794,0,137195,0,949893,0,0,0,0,0,0,0,643737,0,18585,147333,12840,1007339,578856,0,0,357181,206807,454840,0,6758,0,0,0,0,0,0,0,0,0,0,2895298,3822888,432875,472750,0,361912,310548,921845,23654,747479,0,0,0,0,0,0,0,0,0,30074,0,0,0,0,0,227758,33454,0,0,0,0,160849,0,0,0,0,0,0,0,0,0,0,0,0,0,1336473,0,0,0,0,0,0,0,0,0,0,2073477,0,0,47984,81776,0,0,0,0,0,0,0,132126,0,0,0,0,79749,0,384552,0,0,0,0,0,0,0,0,0,274053,337,42240,0,0,0,0,0,0,0,0,0,0
CANL,0,0,0,0,0,0,0,0,0,0,0,0,0,0,0,0,0,0,0,0,0,0,0,0,0,0,0,0,0,0,0,0,0,0,0,0,0,0,0,0,0,0,0,0,0,0,0,0,0,0,0,0,0,0,0,0,0,0,0,0,121651,0,0,0,0,0,0,0,0,0,0,0,0,0,0,0,0,0,0,0,0,0,0,0,0,0,0,0,0,0,0,0,0,0,0,0,0,0,0,0,0,0,0,0,0,0,0,0,0,0,0,0,0,0,0,0,0,0,0,0,0,0,0,0,0,0,0,0,0,0,0,0,0,0,0,0,0,0,0,0,0,0,0,0,0,0,0,0,0,0,0,0,0,0,278108,0,460247,0,0,0,0,0,0,0,0,0,0,0,0,0,0,0,0,0,0,0,0,0,0,0,0,0,0,0,0,0,0,0,0,0,0,0,0,0,0,0,0,0,0,0,0,0,0,0,0,0,0,0,0,0
PVDL,0,0,0,0,0,0,0,0,0,0,0,0,0,0,0,0,0,0,0,0,0,0,0,0,0,0,0,0,0,0,0,0,0,0,0,0,0,0,0,0,0,0,0,0,0,0,0,0,0,0,0,0,0,0,0,0,0,0,0,0,0,0,0,0,0,0,0,0,0,0,0,0,0,0,0,0,0,0,0,0,0,0,0,0,0,0,0,0,0,0,0,0,0,0,0,0,0,0,0,0,0,0,0,0,0,0,0,0,0,0,0,0,0,0,0,0,0,0,0,0,0,0,0,0,0,0,0,0,0,0,0,0,0,0,0,0,0,0,0,0,0,0,0,0,0,0,0,0,0,0,0,0,0,136181,0,0,152064,0,0,0,0,0,0,0,0,0,0,0,0,0,0,0,0,0,0,0,0,0,0,0,0,0,0,0,0,0,0,0,0,0,0,0,0,0,0,0,0,0,0,0,0,0,0,0,0,0,0,0,0,0
CANR,0,0,0,0,0,0,0,0,0,0,0,0,0,0,0,0,0,0,0,0,0,0,0,0,0,0,0,0,0,0,0,0,0,0,0,0,0,0,0,0,0,0,0,0,0,0,0,0,0,0,0,0,0,0,0,0,0,0,0,0,0,0,0,0,0,0,0,0,0,1689,0,0,0,0,0,0,0,0,0,0,0,0,0,0,0,0,0,0,0,0,0,0,0,0,0,0,0,0,249047,0,0,0,0,0,0,0,0,0,0,0,0,0,0,0,0,0,0,0,0,0,0,0,0,0,0,0,0,0,0,0,0,0,0,0,0,0,0,0,0,0,0,0,0,0,0,0,0,0,0,0,0,0,0,0,0,163215,465315,100024,0,0,0,0,0,0,0,0,0,0,0,0,0,0,0,0,0,0,0,0,0,0,0,0,0,0,0,0,0,0,0,0,0,0,0,0,0,0,0,0,0,0,0,0,0,0,0,0,0,0,0,0
RMFR,0,0,0,0,0,0,0,1013,43929,1364858,8785,1163120,1628098,91238,323727,0,33792,0,0,33454,373401,0,1221242,0,0,0,0,0,0,0,0,0,0,0,0,0,0,0,0,0,0,0,0,0,984698,0,89886,71639,0,0,11489,0,0,0,623124,304803,27033,0,0,0,0,0,0,498769,0,21964,0,0,22302,0,0,0,0,429496,342988,0,683612,691046,0,455178,0,57446,0,0,6082,0,0,5744,0,0,27371,0,0,0,0,0,0,1831526,0,0,0,0,0,0,0,346030,1351,17909,1791989,3112243,0,0,0,0,0,0,0,0,0,0,0,0,0,0,0,3760711,2264064,115906,116244,3041,1016801,9799,78397,0,0,0,0,0,0,43253,0,0,0,63528,0,0,0,0,0,0,0,0,0,406517,0,97320,0,0,11827,1013,91576,0,0,0,0,0,0,50350,92928,0,0,10813,599808,2850017,3155496,21626,2670243,938065,0,33116,120299,148008,1084385,50350,0,38522,186531,257157,21964,1351,0,19599,168960,0,10137,0,0,0,0,0,0,0,0,120975,0,0,0,0,0,0
SMDDR,0,0,0,0,0,0,1013,0,462274,1655808,0,0,0,0,484239,66908,0,0,0,0,52377,8785,499107,504852,0,0,0,0,19937,234854,87183,248033,15206,0,27709,1993052,15544,0,0,853923,0,940769,0,0,0,137871,0,0,0,15206,0,0,0,0,377794,0,260198,0,0,17909,5056972,0,0,4398028,1368576,0,0,0,302438,0,0,0,0,56094,0,0,1726433,187545,4730,0,0,0,0,0,412600,5744,0,92252,0,0,0,85831,2703,0,0,0,0,845137,0,0,0,0,0,0,0,435916,0,0,436254,661985,1282068,1335459,0,0,0,0,0,0,0,0,780257,11489,0,0,0,637655,0,437606,0,8785,626841,234516,164567,0,0,2027,0,0,0,329472,9461,35481,37171,1733191,0,0,0,0,41564,12840,0,0,0,43591,0,558243,33792,0,0,0,0,0,36833,122327,45957,0,7772,0,0,973885,0,0,0,675,1013,0,3201454,0,55080,0,0,0,0,4683233,6525911,2897664,3405219,346368,0,0,0,0,994160,0,0,0,0,0,0,0,0,0,1196236,0,1054310,322037,0,0,0,0
SMDDL,0,0,0,0,0,0,43929,462274,0,0,179097,0,0,391311,0,0,0,0,0,0,0,0,564664,807290,0,0,0,0,0,26695,2027,1689,0,0,0,367319,0,0,16896,349747,0,0,0,366981,1598361,0,689018,71976,1689,209172,1046538,6420,0,21288,1744005,0,583587,0,0,0,538644,0,75694,0,36495,10475,0,1054310,1251317,0,200724,74680,204779,97658,373401,0,2983157,0,17571,0,6082,0,0,0,10137,51701,0,0,0,0,0,0,0,0,0,23654,21288,218972,51025,68597,0,0,0,0,188897,405841,9123,0,570408,431861,0,0,0,0,0,0,0,0,0,0,0,0,0,0,0,6244423,1451366,5124556,130437,5406,673136,1230366,0,1689,86169,0,0,0,0,50012,0,0,0,0,0,0,0,0,108134,60149,0,0,3717,463964,0,55418,36833,0,0,0,0,0,0,0,0,0,60149,0,0,1216174,0,0,0,0,0,0,2217431,62853,897853,1550714,0,2027,4261171,1963315,173352,3146373,3643453,1098915,0,0,0,15544,597442,0,154767,0,0,0,0,0,0,0,1390540,0,0,0,0,0,0,0
SAADR,0,0,0,0,0,0,1364858,1655808,0,0,0,164567,238909,0,729907,0,0,0,0,0,185518,1351,0,151726,0,0,0,0,0,0,0,0,0,0,0,1072220,0,0,0,0,0,0,0,0,154767,133140,0,0,0,0,0,0,0,0,445040,0,0,0,69611,0,483225,0,19261,2247505,306155,940769,0,0,1013,0,0,0,0,105431,35481,0,2202224,1898096,271687,20613,0,4392,0,0,710307,58798,0,0,0,0,0,0,0,0,0,0,0,225054,0,0,0,0,0,0,0,0,0,0,27371,277432,1029642,43929,0,0,0,0,0,0,0,0,943472,3830661,0,0,0,26019,1619312,78059,0,0,55756,138885,279459,30074,2365,369684,0,0,0,719431,0,0,0,962396,0,0,0,0,0,0,0,0,0,321024,0,68597,0,0,53729,0,0,87859,12840,0,0,0,0,0,0,85493,0,141926,1146562,0,340623,0,2448906,105768,11489,6420,9461,0,0,918128,2757089,326430,0,0,0,0,0,0,1028966,0,104417,0,0,0,0,0,0,0,0,0,818442,0,0,0,0,0
URXR,0,0,271349,0,0,0,8785,0,179097,0,0,537630,0,0,0,0,0,0,0,68935,305479,207482,67584,0,0,0,0,0,0,0,0,0,0,0,0,0,0,0,0,0,0,0,0,0,0,0,1477386,0,0,0,1828147,0,0,0,1351,117596,0,483225,0,0,0,1351,610959,0,0,0,162201,0,0,513976,151388,30412,97320,0,104417,0,0,0,1583155,66908,0,45281,0,0,0,0,154429,0,33116,0,41902,89210,12165,944824,23992,4055,8448,1403043,158822,966113,0,867102,14530,0,2057256,0,0,144967,0,0,12165,0,1685882,5406,0,0,98334,245667,4451082,328796,0,59136,0,185856,0,0,0,0,0,0,29399,423413,18247,0,30412,0,0,0,0,0,0,0,0,68259,0,0,0,0,0,0,0,0,0,0,0,234516,147333,16558,0,0,51363,0,0,0,0,0,0,193290,156456,653875,0,214917,1229015,2027,0,0,0,0,86507,1689,2021775,0,0,0,0,2948352,0,150374,126720,0,426455,52039,0,181800,0,0,0,0,0,0,0,0,0,0,0,0,0,0,0,0
RIH,0,0,0,0,0,0,1163120,0,0,164567,537630,90224,917452,1983590,1576734,2625300,1544632,0,0,305141,1494282,249384,0,401448,278446,0,401448,0,0,0,0,0,0,0,0,495728,386242,1346273,373063,828241,4246640,1368576,0,0,0,0,1477386,2899691,0,0,1228339,0,0,0,1689,3309926,0,494714,928266,0,260198,102389,12165,1597685,0,0,0,1351,0,0,157808,0,0,23316,792084,1845719,0,238233,8448,1624381,0,0,0,0,0,90562,0,0,0,0,30412,0,0,0,0,0,0,0,0,0,0,0,0,0,0,0,746465,1961963,3379,0,0,0,82790,0,0,0,105093,0,84817,1314508,182814,5068,0,31088,285204,337,8785,94279,337,0,487618,0,1351,0,0,0,0,0,114892,0,0,0,0,0,253777,0,0,0,0,0,0,0,0,65556,0,126382,0,0,0,0,0,0,0,0,0,0,2117744,2675312,1070192,0,0,474777,260536,244316,79073,0,0,275404,0,0,3127111,109486,1284096,1198602,61839,2664161,2708766,784650,1740288,268308,930293,112527,160849,1822064,117596,1038090,1071544,0,0,0,758630,1795706,2583060,1051607,312576,1630126,241274,149698,3894865,1293895
RIGL,58798,0,0,0,0,0,1628098,0,0,238909,0,917452,0,798167,907315,0,0,0,0,0,0,0,0,846151,16896,0,153077,0,0,0,0,0,0,0,0,0,1332080,88872,63866,421386,725176,2027,0,0,2475264,0,0,0,0,0,0,0,0,0,97996,0,0,0,0,0,0,0,0,0,33116,0,0,0,0,0,0,0,77383,0,999567,0,16558,1631477,0,159160,0,0,0,0,0,0,170987,0,0,0,576829,0,0,0,0,0,0,0,0,0,0,0,0,0,0,0,671109,1404057,930631,875550,0,0,0,0,0,0,0,0,0,0,136857,7772,107796,418344,337,126382,963747,0,0,0,0,0,0,1233070,195993,0,0,0,332513,111513,0,0,0,224378,32440,0,0,0,0,0,0,0,0,448419,19937,419358,0,0,0,0,0,0,0,0,0,0,193966,0,9799,0,0,0,1599037,3540049,1194547,0,673474,535603,0,597780,1155686,0,681922,0,50350,0,456192,0,0,0,0,0,784988,0,989429,1819023,176394,1013,0,0,343326,0,486942,0,0,230461,166594,0,273039,122664
ADER,0,0,0,0,0,0,91238,0,391311,0,0,1983590,798167,0,4401408,447068,345354,0,0,0,0,0,64542,0,0,50350,523100,0,0,0,0,0,0,0,0,856965,0,0,0,0,0,0,0,0,0,0,0,0,0,0,62515,0,0,364953,681584,0,480860,609269,0,0,30750,0,0,0,0,0,226068,247695,746803,731596,119623,100362,185518,281825,142264,0,129423,311900,388270,0,0,0,0,0,0,20275,0,360560,146319,133816,0,0,0,0,0,0,675,25344,0,0,0,0,0,0,1154672,458557,0,0,0,260874,0,0,0,0,0,0,0,0,0,0,714024,0,0,141250,177408,310210,485591,729907,0,0,747479,0,159498,0,80087,0,0,0,0,0,0,0,0,0,0,0,0,0,0,0,0,0,0,0,0,0,8110,0,0,0,129423,0,0,0,0,0,0,268646,0,0,0,324065,509583,0,136857,18585,0,337,100700,0,0,0,321024,0,160174,260874,0,0,0,0,0,0,0,0,0,0,0,0,0,0,739368,0,0,0,0,0,0,0,0,0
ADEL,0,0,0,0,0,0,323727,484239,0,729907,0,1576734,907315,4401408,0,242626,211875,4730,0,0,0,0,721797,1024573,0,52377,283176,0,50012,0,0,0,0,104417,59136,711321,0,0,0,0,0,75356,0,0,0,1153658,0,0,0,0,0,0,0,0,871157,0,0,0,1002270,1417236,195993,21964,233164,411248,719769,151050,0,0,0,0,0,0,0,0,82790,227420,0,757278,0,0,0,0,0,24330,0,0,122664,0,0,0,0,203765,0,0,0,0,0,0,0,0,0,0,0,0,0,107796,0,0,0,192952,0,368332,0,0,0,0,292300,0,0,0,4055,0,0,706252,135505,252426,154767,296017,2027,0,0,0,38184,0,26019,569395,185518,0,0,210186,0,0,3717,0,0,0,0,419358,0,0,0,0,0,0,0,15206,41902,0,0,0,0,0,0,0,0,0,0,0,0,0,0,186193,1104322,0,307169,560609,0,145643,0,1689,0,0,0,0,0,0,209848,0,0,0,0,0,882647,0,0,0,0,0,0,125706,0,0,0,1151631,50350,0,7096,0,0,0
FLPR,0,0,0,0,0,0,0,66908,0,0,0,2625300,0,447068,242626,0,862709,0,0,0,0,0,0,0,0,0,0,0,0,0,0,0,0,0,0,1912965,0,0,0,0,0,0,0,0,85155,0,0,0,0,0,0,0,0,0,752547,0,0,0,0,0,21288,0,0,106444,0,15882,0,0,0,0,0,0,0,488632,42240,0,138885,47984,30750,0,0,0,0,0,0,0,0,92590,0,0,35819,0,0,0,0,0,0,0,0,0,0,0,0,0,0,0,0,0,0,0,0,0,0,0,0,0,0,0,0,0,0,0,0,1013,272701,0,0,0,0,0,0,0,0,0,0,0,0,0,0,0,0,0,0,892784,0,0,0,0,0,0,0,0,0,25344,0,36495,0,0,0,0,0,0,0,0,0,0,0,0,0,675,0,219648,9461,0,0,133816,0,0,0,0,0,0,0,464302,0,109824,0,0,0,0,0,0,0,0,0,0,0,0,0,0,0,0,0,0,0,0,0,0,0,0
FLPL,0,0,0,0,0,0,33792,0,0,0,0,1544632,0,345354,211875,862709,0,0,0,0,0,0,0,0,0,131450,237895,0,0,0,0,0,0,0,0,221337,0,0,0,0,0,0,0,0,94279,0,0,0,0,0,0,0,0,0,769105,0,0,0,0,0,0,114216,0,5406,0,265267,0,0,0,0,0,235530,303452,368670,262225,0,23316,51025,150712,0,0,0,0,0,0,370698,666378,963747,0,0,595752,0,0,0,0,0,0,0,0,0,0,305141,487280,0,0,0,0,0,2703,0,0,0,0,0,0,0,0,0,0,0,0,0,18247,50012,777891,0,0,0,0,0,69273,0,0,97320,709632,0,0,0,0,0,0,0,0,0,0,0,0,0,0,0,0,0,0,261550,0,492349,0,0,0,0,0,0,0,0,0,0,0,0,0,215255,0,827228,0,0,0,243302,92928,0,0,0,0,0,115906,1983590,136857,0,0,0,0,0,0,0,0,0,0,0,35143,0,0,0,0,0,0,0,0,0,0,0,0,0
ASKL,0,0,0,0,0,0,0,0,0,0,0,0,0,0,4730,0,0,0,5018112,0,0,0,0,0,0,0,0,0,0,0,0,0,0,0,0,106444,22302,0,0,0,0,0,0,0,0,8448,0,0,0,0,0,0,0,0,0,0,0,0,89210,23654,0,0,46970,0,0,0,0,0,0,0,0,0,0,0,0,27033,0,0,0,0,38522,0,0,0,0,0,41902,0,0,0,0,21964,424765,0,38860,452136,155105,0,7434,0,0,0,0,0,0,0,0,0,0,0,17909,0,0,47984,42915,0,0,0,0,56770,0,0,0,0,0,0,0,0,0,0,0,0,0,0,0,0,0,824524,0,160174,4334837,1471979,2597253,973209,0,0,236206,0,0,0,0,0,0,0,1756508,0,562636,0,0,0,0,0,0,0,0,650158,0,0,0,0,411586,0,0,0,0,170649,61839,0,0,0,0,0,0,0,0,0,0,0,0,0,0,0,39536,0,0,0,0,360560,543037,215592,0,0,0,0,0,0,39198,2027,0,34129
AIAL,651847,0,0,0,0,0,0,0,0,0,0,0,0,0,0,0,0,5018112,0,0,0,0,0,0,0,0,0,0,0,0,0,0,0,0,0,204779,91238,0,0,0,0,0,0,0,0,0,0,0,0,0,0,0,0,0,0,0,0,0,0,0,0,0,0,0,0,0,0,0,0,0,156119,0,44605,0,0,0,0,0,0,0,305479,0,0,0,0,0,0,0,0,0,0,0,79749,0,0,0,43591,0,0,0,0,0,0,0,0,0,0,25006,0,0,0,0,0,94617,1210767,35143,13854,0,0,0,0,0,0,0,0,0,0,0,0,0,0,0,0,0,37509,0,0,2129909,426792,0,1075599,2326579,641034,5270876,31764,77045,3329525,0,0,0,0,0,0,0,791746,0,0,0,0,0,0,0,0,0,0,2794598,0,0,0,0,1285785,0,0,0,0,463626,0,0,0,0,0,0,0,0,0,0,0,0,0,0,0,0,0,0,377794,1365534,207482,1007001,702535,1864304,0,0,0,0,0,0,0,0,0,0
URAVR,0,0,0,0,0,0,33454,0,0,0,68935,305141,0,0,0,0,0,0,0,0,754575,959354,0,43253,0,0,0,0,0,0,0,0,0,0,0,0,0,0,0,0,0,0,0,0,0,0,0,0,0,0,0,0,0,0,0,749168,7096,577843,0,0,0,0,0,0,0,0,0,0,0,635289,0,0,0,0,0,0,0,0,53391,52715,0,0,0,0,26695,41564,0,0,0,0,0,0,0,0,0,0,0,0,0,0,0,0,39874,0,0,0,0,0,12503,0,37171,26357,0,0,0,0,0,0,0,0,0,0,0,0,0,0,0,0,0,0,0,36495,61501,0,0,0,0,0,0,0,0,0,0,139560,0,0,0,0,0,0,0,0,0,0,0,0,0,0,0,939417,64880,0,0,2251898,597104,0,616028,475791,0,0,0,41902,160849,52377,344002,0,0,26019,0,0,0,72990,0,0,0,80087,0,117596,1996431,0,0,2027,0,2614487,0,0,0,0,0,0,1349990,0,906301,525803,54405,0,0,0,0,0
URYVR,0,0,9799,0,0,0,373401,52377,0,185518,305479,1494282,0,0,0,0,0,0,0,754575,0,1978521,0,111851,0,60487,0,0,0,0,0,0,0,0,0,135168,0,0,0,0,0,0,0,0,0,0,0,0,0,0,0,0,0,0,0,1481103,451461,0,0,0,0,35819,82452,0,0,0,28385,0,0,0,0,0,0,0,0,0,28047,0,108810,20613,0,0,0,0,1329039,0,62515,21626,0,0,0,0,0,0,0,0,0,0,0,0,0,0,121313,0,0,0,0,0,294328,0,97658,359208,5744,0,0,0,7096,0,0,0,232826,47984,0,0,93265,0,0,0,0,0,0,496404,47646,0,0,0,0,0,0,0,0,0,0,160512,0,0,0,0,0,0,0,0,0,1187450,0,0,0,38522,0,0,0,0,174704,62177,224378,0,1337825,1160417,14530,0,0,57784,366981,176056,163553,0,0,219985,0,0,137195,242964,0,260536,499445,125368,0,1116149,65556,0,0,0,0,161187,0,0,0,0,0,0,0,0,367656,200724,2851368,0,0,0,0,0
IL1VR,0,0,0,0,0,0,0,8785,0,1351,207482,249384,0,0,0,0,0,0,0,959354,1978521,0,0,0,0,0,0,0,0,0,0,0,0,0,0,99686,0,0,6758,0,0,0,0,0,0,0,0,0,0,0,0,0,0,0,0,1931550,890419,1689,0,0,0,0,0,0,0,0,0,0,0,986726,0,0,0,0,0,0,0,0,34467,79411,0,0,0,0,21964,33792,0,0,0,0,0,0,0,0,0,0,0,0,0,0,0,0,0,0,0,0,0,0,4055,0,72314,65556,0,0,0,0,0,0,0,0,7772,0,0,0,0,0,0,0,0,0,0,102727,21288,0,0,0,0,0,0,0,0,0,0,85493,0,0,0,0,0,0,0,0,0,0,0,0,0,0,0,99686,0,0,0,849530,1689,0,643737,1591603,0,48998,0,35481,62853,186193,8448,0,0,6758,0,0,0,19599,0,0,0,2365,0,0,1592954,0,0,0,0,1840650,0,0,0,0,0,0,0,0,354478,1362493,5179975,0,0,0,0,0
RMDR,0,0,0,0,0,0,1221242,499107,564664,0,67584,0,0,64542,721797,0,0,0,0,0,0,0,0,1681827,0,0,0,55756,647792,0,0,0,0,17233,348395,0,0,0,0,208834,0,68597,0,0,0,201738,0,10813,0,0,611973,63528,106782,60825,47984,0,256481,99010,207482,647116,15544,0,0,27709,380835,0,0,992133,0,597442,0,0,0,0,27033,114554,1717647,239923,4055,0,0,241950,490659,158484,1469952,83804,0,0,0,0,0,0,0,0,0,0,0,1077964,0,0,0,0,0,170987,3717,4121948,0,0,2737152,538982,774512,104079,0,0,0,0,0,0,0,0,0,62515,0,0,0,140912,0,557905,907315,1169879,1352693,180449,247357,0,0,0,0,0,0,3018639,0,0,0,0,0,0,0,550133,0,0,224378,0,0,0,0,344678,0,0,104079,71301,910356,0,0,0,0,0,0,1591265,0,25006,0,0,0,81438,82790,0,5069475,1658511,1189478,526479,0,29061,893460,3396771,125368,2619893,3559649,0,0,0,0,0,730920,0,328458,0,0,0,0,0,58798,0,0,36157,974223,0,0,0,0,0
RMHR,0,0,0,0,0,0,0,504852,807290,151726,0,401448,846151,0,1024573,0,0,0,0,43253,111851,0,1681827,0,0,0,0,0,158484,11151,0,0,0,265267,11489,221675,62853,0,0,0,0,1302343,0,0,0,1536860,0,354140,0,0,439971,0,0,0,214241,664688,0,0,0,422737,242964,0,0,1335797,580546,0,41226,223027,491673,0,0,0,0,1604444,234178,569733,22640,577505,63191,0,0,0,0,160512,419358,605214,11151,0,0,0,0,0,0,0,0,0,0,1284096,0,0,0,0,80762,0,160174,1971087,0,0,188897,0,0,500121,0,0,0,0,0,0,0,0,134830,337,0,0,72652,65556,0,195993,611297,11827,1790976,1148590,153077,0,0,0,0,0,0,4968437,0,0,0,0,0,0,0,298721,0,0,0,0,0,0,0,0,0,0,0,0,0,0,0,0,0,0,0,520396,0,2450257,0,0,166932,0,0,0,37171,171325,223703,193628,0,0,75018,0,440985,72314,0,0,56770,16896,113541,0,5744,0,173690,0,0,0,0,0,0,0,0,5406,850206,0,0,0,28047,0
URAVL,0,0,0,0,0,0,0,0,0,0,0,278446,16896,0,0,0,0,0,0,0,0,0,0,0,0,0,0,0,0,0,0,0,0,79749,0,0,145643,1489551,995850,331499,454840,0,0,0,226406,0,0,0,0,0,0,0,0,0,0,0,0,0,1340866,657254,0,0,0,0,0,0,0,0,0,0,0,0,0,0,0,612986,0,47308,0,0,0,0,0,1357086,0,0,0,0,0,0,0,0,0,0,0,0,0,0,0,0,0,0,0,0,0,0,880957,70963,0,0,0,0,0,0,0,0,0,0,0,0,0,0,0,0,0,0,0,0,207820,35819,0,0,64204,0,0,0,0,0,0,0,0,0,0,0,0,0,0,102727,1807534,31764,0,0,0,0,0,0,0,0,0,0,0,0,0,0,0,0,508569,0,0,33792,0,84142,0,46970,110499,73328,0,70963,0,62177,6420,186193,0,6758,0,0,120637,0,0,0,0,0,15882,0,0,0,0,0,0,0,443013,2967275,720107,1277337,0,0,0,2027,0,0
PVR,0,0,0,0,0,0,0,0,0,0,0,0,0,50350,52377,0,131450,0,0,0,60487,0,0,0,0,0,83466,16896,0,0,0,0,0,0,0,0,0,0,0,0,0,140236,0,0,0,113541,0,0,0,0,249047,0,0,0,0,0,0,0,0,140574,0,431523,0,18247,0,0,1046876,0,0,0,0,14530,0,17571,0,70963,0,0,109824,0,0,0,0,0,0,135168,110161,503838,0,347043,2027,0,0,0,0,0,0,84480,0,0,0,0,293652,69273,5744,0,0,0,0,0,0,13178,0,0,0,0,0,0,0,0,0,0,0,0,0,0,0,0,0,0,0,0,0,0,117934,1238476,556216,0,0,122327,0,0,0,0,0,0,0,0,0,0,0,0,0,49336,0,0,0,0,0,0,0,0,0,0,0,0,0,17909,0,0,0,269322,0,0,0,0,0,147333,0,0,0,0,13178,71976,93603,0,0,0,0,108810,60487,80424,0,143953,0,0,0,0,0,0,0,17571,0,0,0,0,123678,67584,0,119623
AVM,0,0,0,0,0,0,0,0,0,0,0,401448,153077,523100,283176,0,237895,0,0,0,0,0,0,0,0,83466,0,0,0,0,0,0,0,0,0,0,0,0,0,0,0,0,0,0,0,0,0,0,0,0,0,0,0,0,0,0,0,0,0,0,0,3378524,43253,0,0,0,1621002,0,0,0,0,952596,123340,0,486942,0,880619,0,0,0,16558,0,0,0,0,518369,736665,1722040,336230,1983252,1256048,76707,9799,0,0,0,0,78397,0,0,0,18923,727203,0,0,0,0,0,0,0,0,43929,95293,0,0,0,0,141250,7096,373739,149698,74680,141250,62177,735651,0,0,0,0,81438,0,0,0,8448,261888,870144,875888,0,0,0,0,0,0,0,0,0,0,0,0,0,0,0,0,67921,0,226406,0,0,0,0,0,0,0,0,0,0,0,26357,0,14530,0,566691,165918,0,0,30412,0,808304,0,0,0,0,0,1978521,0,0,0,97320,0,0,0,0,0,0,0,0,130099,0,0,0,0,0,0,0,0,0,0,0,0,0
BWM-DL08,0,0,0,0,0,0,0,0,0,0,0,0,0,0,0,0,0,0,0,0,0,0,55756,0,0,16896,0,0,356167,0,0,0,0,570746,2105241,0,0,0,0,0,0,1609850,0,0,0,0,0,0,0,0,0,0,0,0,0,0,0,0,0,0,0,0,0,0,0,0,0,0,0,0,0,0,0,0,0,0,0,0,0,0,0,0,0,0,0,0,0,0,0,0,0,0,0,0,0,0,0,0,0,0,0,0,0,0,0,0,0,0,0,0,0,0,0,0,0,0,0,0,0,0,0,0,0,0,0,0,0,0,0,0,0,0,0,0,0,0,0,0,0,1561866,0,0,0,0,0,0,0,0,0,0,0,0,0,0,0,0,0,0,0,0,0,0,0,0,0,0,0,0,0,0,0,0,0,0,0,0,0,15882,0,0,0,0,0,0,0,0,0,0,0,0,0,0,0,0,0,0,0,0,0,0,0,0,0,0,157470,0,0,0,0,0
BWM-DL04,0,0,0,0,0,0,0,19937,0,0,0,0,0,0,50012,0,0,0,0,0,0,0,647792,158484,0,0,0,356167,0,0,0,0,45281,6497863,5184030,0,0,0,0,0,0,319334,0,0,0,0,0,0,0,0,0,0,0,0,0,0,0,0,0,69611,0,0,0,0,0,0,0,0,0,0,0,0,0,0,0,349409,219648,0,0,0,0,0,0,123002,62515,0,0,0,0,0,0,0,0,0,0,0,0,0,0,0,0,0,0,0,0,38522,0,0,0,0,0,0,0,0,0,0,0,0,0,0,348395,0,0,0,0,0,0,0,0,0,0,0,0,0,0,0,0,0,0,365629,0,0,0,0,0,0,0,1152645,0,0,0,0,0,0,0,0,0,0,0,0,0,0,0,0,0,0,0,0,0,0,0,0,0,0,0,0,0,56770,0,0,0,0,0,0,0,0,0,0,0,0,0,0,0,0,0,0,0,0,0,0,0,0,0,527831,1716295,0,675,27033,0,0
BWM-DL05,0,0,0,0,0,0,0,234854,26695,0,0,0,0,0,0,0,0,0,0,0,0,0,0,11151,0,0,0,0,0,0,1326336,4933294,59811,0,0,0,0,0,0,0,0,351774,0,28723,0,0,0,0,39536,278108,0,0,0,0,0,0,0,0,0,0,0,0,0,0,0,0,0,329809,0,0,0,0,0,0,0,0,0,0,0,0,0,0,0,0,50688,0,0,0,0,0,0,0,0,0,0,0,0,0,0,0,0,0,0,0,0,0,0,0,0,0,0,0,0,0,0,0,0,0,0,0,559933,0,0,0,0,0,0,0,0,0,0,21626,0,0,0,0,0,0,0,0,0,0,0,0,0,0,0,0,0,0,0,0,0,0,0,0,0,0,0,0,0,0,0,0,0,0,99348,0,0,100024,0,0,0,0,0,0,0,0,0,0,0,0,0,0,0,0,5068,0,0,0,0,0,0,0,0,0,0,0,0,0,0,0,488294,0,943810,0,0,0,0,0
BWM-DL07,0,0,0,0,0,0,0,87183,2027,0,0,0,0,0,0,0,0,0,0,0,0,0,0,0,0,0,0,0,0,1326336,0,168284,0,0,0,0,0,0,0,0,0,551823,0,0,0,0,0,0,0,0,0,0,0,0,0,0,0,0,0,0,0,0,0,0,0,0,0,0,0,0,0,0,0,0,46970,0,0,0,0,0,0,0,0,0,317982,0,0,0,0,0,0,0,0,0,0,0,0,0,0,0,0,0,0,0,0,0,0,0,0,0,0,0,0,0,0,0,0,0,0,0,111175,0,0,0,0,0,0,0,20275,0,0,0,44943,0,0,0,0,0,0,0,0,0,0,0,0,0,0,0,0,0,0,0,0,0,0,0,0,0,0,0,0,0,0,0,0,0,0,0,0,90900,0,0,0,0,0,0,0,12165,0,0,0,0,0,0,0,0,10813,0,0,0,0,0,0,0,0,0,0,0,0,0,0,0,164229,0,452136,0,0,0,0,0
BWM-DL03,0,0,0,0,0,0,0,248033,1689,0,0,0,0,0,0,0,0,0,0,0,0,0,0,0,0,0,0,0,0,4933294,168284,0,3818833,34467,0,0,0,0,0,0,0,144291,0,166932,0,0,0,0,24668,846827,0,0,0,0,0,0,0,0,0,0,0,0,0,0,0,0,0,141250,0,0,0,0,0,0,0,0,0,0,0,0,0,0,0,0,32778,0,0,0,0,0,0,0,0,0,0,0,0,0,0,0,0,0,0,0,0,0,0,0,0,0,0,0,0,0,0,0,0,0,0,0,392663,0,0,0,0,0,0,0,0,0,0,0,0,0,0,0,0,0,0,0,0,0,0,0,0,0,0,0,0,0,0,0,0,0,0,0,0,0,0,0,0,0,0,0,0,0,485591,0,0,0,0,0,0,0,0,0,0,0,0,0,0,0,0,0,146657,0,0,0,0,0,0,0,0,0,0,0,0,0,0,0,0,0,357519,0,1343232,242288,0,452474,0,0
BWM-DL01,0,0,0,0,0,0,0,15206,0,0,0,0,0,0,0,0,0,0,0,0,0,0,0,0,0,0,0,0,45281,59811,0,3818833,0,1521315,0,0,0,0,0,0,0,127057,0,15206,0,0,0,0,675164,451123,0,0,0,0,0,0,0,0,0,3041,0,0,0,0,0,0,0,1351,0,0,0,0,0,0,0,0,0,0,0,0,0,0,0,0,262563,0,0,0,0,0,0,0,0,0,0,0,0,0,0,0,0,0,0,0,0,0,0,0,0,0,0,0,0,0,0,0,0,0,0,0,223703,0,0,0,0,0,0,0,0,0,0,0,0,0,0,0,0,0,0,0,0,0,0,0,0,0,0,0,0,0,0,0,0,0,0,0,0,0,0,0,0,0,0,0,0,0,321361,0,0,0,0,0,0,0,0,0,0,0,0,0,0,0,0,0,38522,0,0,0,0,0,0,0,0,0,0,0,0,0,0,0,34129,99010,78735,0,388270,11489,607580,1414871,0,0
BWM-DL02,0,0,0,0,0,0,0,0,0,0,0,0,0,0,104417,0,0,0,0,0,0,0,17233,265267,79749,0,0,570746,6497863,0,0,34467,1521315,0,0,0,0,0,0,0,0,26019,0,0,0,0,0,0,0,0,0,0,0,0,0,0,0,0,101713,649820,0,0,0,0,0,0,0,0,0,0,0,0,0,0,0,0,0,0,0,0,0,0,0,2581032,295004,0,0,0,0,0,0,0,0,0,0,0,0,0,0,0,0,0,0,0,0,34129,0,0,0,0,0,0,0,0,0,0,0,0,0,0,78735,0,0,0,0,0,0,0,3041,0,0,0,0,0,0,0,0,0,0,22302,0,0,0,0,0,0,0,804587,0,0,0,0,0,0,0,0,0,0,0,0,0,0,0,0,0,0,0,0,0,0,0,0,0,0,0,0,0,0,0,0,0,0,0,0,0,0,0,0,0,0,0,0,0,0,0,0,0,0,0,0,47646,118947,0,2317793,411586,1013,220661,1028628,0,0
BWM-DL06,0,0,0,0,0,0,0,27709,0,0,0,0,0,0,59136,0,0,0,0,0,0,0,348395,11489,0,0,0,2105241,5184030,0,0,0,0,0,0,0,0,0,0,0,0,784650,0,0,0,0,0,0,0,0,0,0,0,0,0,0,0,0,0,0,85831,0,0,0,0,0,0,0,0,0,0,0,0,0,0,0,282501,0,0,0,0,0,0,0,0,0,0,0,0,0,0,0,0,0,0,0,0,0,0,0,0,0,0,0,0,40888,0,0,0,0,0,0,0,0,0,0,0,0,0,0,0,0,0,0,0,0,0,0,0,0,0,0,0,0,0,2703,0,0,0,978616,0,0,0,0,0,0,0,183152,0,0,0,0,0,0,0,0,0,0,0,0,0,0,0,0,0,0,0,0,0,0,0,0,0,0,0,0,0,45619,0,0,0,0,0,0,0,0,0,0,0,0,0,0,0,0,0,0,0,0,0,0,0,0,0,0,1074247,0,0,0,0,0
AVAL,18923,0,0,0,0,0,0,1993052,367319,1072220,0,495728,0,856965,711321,1912965,221337,106444,204779,0,135168,99686,0,221675,0,0,0,0,0,0,0,0,0,0,0,0,0,0,0,401448,19937,0,0,0,38860,0,0,0,0,0,23992,0,0,0,1309440,0,31088,0,0,0,3159889,0,0,421048,0,0,0,21288,88197,0,6758,85493,385228,1049579,89210,0,2462760,790732,1809561,139223,166594,0,0,0,201738,0,200724,1777459,0,0,653875,0,0,33792,0,0,0,103403,0,0,0,99010,1250979,0,0,0,38860,957665,29061,0,350423,34805,0,0,21964,0,0,0,0,0,244992,0,439296,2469181,1058027,1596334,788705,296017,0,187883,694425,1766307,0,381849,160849,12165,0,735651,0,234178,218972,0,6758,1109053,597442,0,0,0,0,0,0,0,0,32778,1294571,0,0,0,0,0,0,0,0,0,0,676515,0,0,0,1436835,181125,904273,5744,762347,52715,614676,1133721,0,152739,0,0,14530,119961,14868,1675745,554188,1916682,0,41226,0,0,0,0,0,158484,0,0,0,0,0,0,0,0,0,0,195993,0,0,9461,0
URXL,282501,0,0,0,0,0,0,15544,0,0,0,386242,1332080,0,0,0,0,22302,91238,0,0,0,0,62853,145643,0,0,0,0,0,0,0,0,0,0,0,0,94617,278446,271011,84480,2241761,0,0,85155,1324308,0,0,0,0,0,0,0,0,5068,0,0,0,410572,408545,0,49674,115906,0,0,0,0,0,0,0,217282,62853,282163,0,13854,306155,0,24668,0,32440,0,0,0,0,0,0,0,0,0,0,21288,107796,0,0,0,0,0,0,0,0,0,0,2703,0,0,0,570746,11489,0,0,1013,160849,0,0,0,0,149022,0,0,0,91914,0,661647,104755,0,0,0,0,0,0,0,518031,0,0,63528,215255,0,536616,1750425,711997,0,682598,35819,0,5833512,274053,0,0,0,0,0,0,0,357181,4055,6420,190248,0,0,0,0,0,0,0,0,0,0,0,0,953948,0,268308,0,4730,0,2315089,0,0,136181,4730,2316779,0,0,0,0,0,2420520,0,0,0,0,0,94617,0,55080,74680,121313,0,0,16896,0,98672,0,0,0,1087088,13178,38860,0,1008353
IL2VL,0,0,0,0,0,0,0,0,0,0,0,1346273,88872,0,0,0,0,0,0,0,0,0,0,0,1489551,0,0,0,0,0,0,0,0,0,0,0,94617,0,1772052,0,1038428,0,0,0,143278,0,0,0,0,0,0,0,0,0,0,0,0,0,225054,0,0,0,0,0,0,0,0,130099,0,0,0,0,0,0,2027,173690,0,48660,0,0,0,0,0,0,0,0,0,0,0,0,0,0,0,0,0,0,0,0,0,0,0,0,0,0,0,0,300072,159498,0,0,0,0,0,0,0,0,0,0,0,0,0,0,0,0,0,0,7434,0,19261,40888,61839,105431,4055,0,0,0,0,0,0,0,0,0,0,0,0,0,0,0,0,0,0,0,0,0,0,0,0,0,0,0,0,0,0,0,0,0,511610,0,0,48998,0,36495,0,118272,48998,21288,0,28047,29736,24330,0,0,4730,0,0,0,323051,0,0,0,0,0,0,0,0,0,0,0,0,0,329134,2293800,126720,578181,0,0,0,0,0,0
IL1VL,0,0,0,0,0,0,0,0,16896,0,0,373063,63866,0,0,0,0,0,0,0,0,6758,0,0,995850,0,0,0,0,0,0,0,0,0,0,0,278446,1772052,0,0,1481103,0,0,0,136857,0,0,0,0,0,0,0,0,0,0,0,1013,0,85155,757278,0,0,0,0,0,0,0,5627719,0,0,0,0,0,0,5068,1750763,0,4392,0,0,0,0,0,235192,0,0,0,0,0,0,0,0,0,0,0,0,0,0,0,0,0,0,0,0,0,0,2206955,0,0,0,0,0,0,0,0,0,0,0,0,0,0,0,0,0,0,0,33454,0,15544,66570,0,78059,8785,0,0,0,0,0,0,0,0,0,0,0,0,0,0,0,668405,37847,0,0,0,0,0,337,0,0,0,0,0,0,0,0,0,0,335892,0,0,103065,0,91238,0,54405,78397,19937,0,48998,76032,83128,0,337,0,0,0,0,4392,0,0,0,0,0,1417574,0,0,0,0,0,0,0,1145886,2289745,316968,0,0,0,20951,0,0,0
RIBL,426455,0,0,0,0,0,0,853923,349747,0,0,828241,421386,0,0,0,0,0,0,0,0,0,208834,0,331499,0,0,0,0,0,0,0,0,0,0,401448,271011,0,0,0,380160,358195,0,0,737679,0,0,0,0,0,0,0,0,0,0,0,0,0,13516,1013,0,0,0,66232,0,0,0,0,0,0,1069178,0,0,0,1689,302100,176732,118609,0,989767,0,0,0,0,8110,0,8448,0,0,0,465991,0,0,0,0,0,0,0,0,0,0,0,29061,0,0,0,1310453,4463923,0,77383,0,0,0,0,0,0,819118,0,107120,0,0,0,0,19937,0,0,0,1425008,0,248033,0,0,197345,900218,6082,0,0,0,155443,0,0,0,230799,46632,4265564,10813,0,0,0,0,0,0,0,436930,0,2946662,0,0,0,0,0,0,0,0,0,191600,1522667,0,0,0,129761,947189,11151,740044,400435,0,1488537,370698,528506,269998,13178,515665,0,2323537,137195,0,1995079,437944,0,0,0,0,1829836,0,0,1698723,3189288,9123,0,0,1455759,0,841420,0,0,1238814,53391,0,217282,0
OLQVL,0,0,0,0,0,0,0,0,0,0,0,4246640,725176,0,0,0,0,0,0,0,0,0,0,0,454840,0,0,0,0,0,0,0,0,0,0,19937,84480,1038428,1481103,380160,6420,0,0,0,0,143953,0,0,0,0,0,0,0,0,0,0,0,0,1590251,0,0,0,0,0,0,0,0,247695,0,0,0,19599,86169,0,0,1469276,0,70963,0,168622,0,0,0,0,0,0,0,0,0,0,0,0,0,0,0,0,0,0,0,0,0,0,0,0,0,0,1125949,1351,7096,28047,0,0,0,0,0,0,0,0,0,0,0,0,39536,2365,130099,0,0,0,2399232,675,779581,329472,90562,72314,62515,124354,0,0,69949,0,0,0,0,0,0,0,0,0,0,0,0,0,0,0,20951,28385,0,0,0,0,0,0,0,0,0,0,447406,0,0,101376,0,50688,0,229109,282163,16896,0,0,820469,0,95293,147333,48998,188897,0,0,56094,0,0,0,0,0,507555,0,996526,20275,0,0,0,0,1053972,259522,138547,0,0,0,0,0,0,0
CEPDL,0,0,0,0,0,0,0,940769,0,0,0,1368576,2027,0,75356,0,0,0,0,0,0,0,68597,1302343,0,140236,0,1609850,319334,351774,551823,144291,127057,26019,784650,0,2241761,0,0,358195,0,0,0,0,0,2304614,0,0,0,0,0,0,0,0,0,0,0,0,0,0,0,57108,52715,52039,0,0,0,210186,0,0,675,0,0,0,22978,0,0,0,0,0,0,0,0,0,2245816,0,46295,0,0,0,0,0,0,0,0,0,0,0,0,0,0,0,0,0,0,630896,0,0,0,0,149360,6420,0,0,0,0,6420,0,0,0,885350,0,0,0,0,0,0,0,0,0,104417,638330,0,14868,0,628531,43253,0,0,1147576,0,11151,0,0,0,0,0,0,0,0,0,0,0,0,0,689356,0,0,0,0,0,0,0,0,0,0,0,0,0,672460,0,0,0,7772,7096,72652,0,125706,0,0,0,0,0,758292,0,55418,650158,0,0,0,0,0,1419264,0,0,0,0,0,0,87521,0,434565,0,0,1143183,1592954,1465896,1975142,1100943,1434470
BWM-DR07,0,0,0,0,0,0,0,0,0,0,0,0,0,0,0,0,0,0,0,0,0,0,0,0,0,0,0,0,0,0,0,0,0,0,0,0,0,0,0,0,0,0,0,2512773,0,0,0,0,16220,357857,908328,0,0,0,0,0,0,0,0,0,0,0,0,49336,0,0,0,595752,0,0,0,0,0,0,288245,0,0,0,0,0,0,0,0,0,0,0,0,0,0,0,0,0,0,0,0,0,0,0,0,0,0,0,0,0,0,0,0,0,0,0,0,0,0,0,0,0,0,0,0,0,8448,0,0,0,0,0,0,0,357181,0,0,5068,0,0,0,0,0,0,0,0,0,0,0,0,0,0,0,0,0,0,0,0,0,0,0,0,0,0,0,0,0,0,0,0,0,0,0,0,0,105768,0,0,0,0,0,0,0,0,0,0,0,0,0,0,0,0,0,0,0,0,0,0,0,0,0,0,0,0,0,0,0,0,67246,0,161525,0,0,0,0,0
BWM-DR05,0,0,0,0,0,0,0,0,366981,0,0,0,0,0,0,0,0,0,0,0,0,0,0,0,0,0,0,0,0,28723,0,166932,15206,0,0,0,0,0,0,0,0,0,2512773,0,0,0,0,0,0,5028925,263915,0,0,0,0,0,0,0,0,0,0,0,0,4392,0,0,0,900218,0,0,0,0,0,0,116920,0,0,0,0,0,0,0,0,0,0,0,0,0,0,0,0,0,0,0,0,0,0,0,0,0,0,0,0,0,0,0,0,0,0,0,0,0,0,0,0,0,0,0,0,0,0,0,0,0,0,0,0,0,151726,0,0,0,0,0,0,0,0,0,0,0,0,0,0,0,0,0,0,0,0,0,0,0,0,0,0,0,0,0,0,0,0,0,0,0,0,0,34129,0,0,111175,0,0,0,0,0,0,0,0,0,0,0,0,0,0,0,0,10475,0,0,0,0,0,0,0,0,0,0,0,0,0,0,0,375767,0,342988,0,0,0,0,0
AIBR,139560,5068,166256,0,0,0,984698,0,1598361,154767,0,0,2475264,0,0,85155,94279,0,0,0,0,0,0,0,226406,0,0,0,0,0,0,0,0,0,0,38860,85155,143278,136857,737679,0,0,0,0,0,0,16558,0,0,0,0,0,0,0,1081344,0,0,0,0,0,88197,0,0,0,0,0,0,0,0,0,94955,0,0,663674,530534,0,605552,169297,209510,0,3709009,0,0,0,12165,0,166256,22640,21626,0,1256724,0,0,1795031,4589291,1295247,228433,0,23992,0,1080668,0,0,0,0,0,328458,766402,1133045,1126963,0,193628,181125,47646,2829404,455854,851558,1414195,237895,858992,0,0,120299,322713,0,83466,530872,0,0,14530,99686,0,235868,94955,13516,0,0,0,195993,372725,0,0,0,426117,33792,87183,0,0,0,0,0,0,0,542361,0,906301,3041,1273282,0,0,0,0,0,0,0,574126,162539,0,124354,404152,0,482211,27709,1938647,872847,27033,3808696,15544,15882,1450352,417331,418344,956313,381849,321699,0,268308,15882,0,0,0,12165,0,0,0,2724648,0,0,131788,0,0,0,0,0,0,152064,0,0,0,0
URBL,0,0,0,0,0,0,0,137871,0,133140,0,0,0,0,1153658,0,0,8448,0,0,0,0,201738,1536860,0,113541,0,0,0,0,0,0,0,0,0,0,1324308,0,0,0,143953,2304614,0,0,0,0,0,0,0,0,0,0,0,0,0,0,0,0,841758,1891338,0,18247,0,63866,18585,0,0,0,0,0,0,0,0,0,0,1528750,0,0,0,0,0,0,0,0,0,0,121989,0,0,0,0,0,0,0,0,0,0,0,0,0,0,0,0,0,0,4392,0,0,0,0,12503,137871,0,0,0,0,0,0,0,0,754913,0,0,0,67921,0,0,0,0,113541,205117,1474682,678543,388945,284866,228433,11489,0,0,260198,22302,0,43591,0,0,0,0,0,0,0,1689,0,0,93603,2027,0,45281,0,0,0,0,0,0,0,0,7434,0,0,0,1016125,0,200386,0,0,0,557230,0,972195,586291,0,0,0,0,0,0,0,0,0,0,0,0,0,1320253,0,310886,0,0,0,0,0,0,0,0,0,602511,46295,0,0,217282,0
URYDR,0,0,0,0,0,0,89886,0,689018,0,1477386,1477386,0,0,0,0,0,0,0,0,0,0,0,0,0,0,0,0,0,0,0,0,0,0,0,0,0,0,0,0,0,0,0,0,16558,0,0,2616852,15882,380835,1061068,0,0,0,153415,0,335554,0,0,0,67584,61163,0,40888,0,0,0,880619,0,0,5068,65218,57446,0,0,0,90562,30750,185518,0,0,0,0,0,0,0,0,0,0,11151,74342,0,7096,0,2365,0,2027,0,61839,38860,0,0,149022,0,2703,0,0,0,10475,15882,63528,20275,0,10475,37509,18247,15882,1689,1013,0,101713,0,0,0,0,61163,0,66908,3025735,0,0,0,0,2027,160174,0,0,0,0,0,0,0,0,257157,0,0,0,0,0,0,0,0,0,1017477,0,103403,43253,58798,0,0,0,0,0,0,0,56094,371712,0,39874,28723,0,47646,367994,169635,100362,0,21288,43253,50688,0,0,127733,61501,340961,0,0,0,1336473,0,1482792,815738,2791219,0,0,0,0,0,0,1013,0,0,0,703549,357857,0,0,0,0,0,0
OLQDR,0,0,0,0,0,0,71639,0,71976,0,0,2899691,0,0,0,0,0,0,0,0,0,0,10813,354140,0,0,0,0,0,0,0,0,0,0,0,0,0,0,0,0,0,0,0,0,0,0,2616852,0,0,0,1713254,0,0,0,0,0,319672,886026,0,0,0,9461,0,0,0,0,0,1895731,0,0,90562,48660,41902,0,939417,0,0,34467,57784,43929,5406,0,0,0,0,0,164904,0,0,1351,109486,14192,0,0,22978,0,6420,0,64204,61501,0,0,0,0,177408,0,0,284190,39198,8448,0,0,0,9799,103065,60487,35481,49336,40888,4730,0,0,0,0,0,0,0,44267,186531,0,4055,595752,449095,148684,58460,0,0,0,0,0,0,0,0,34805,0,0,0,0,0,0,0,0,0,45281,0,51363,116920,45957,0,0,0,0,0,0,0,58460,72314,0,4730,171663,0,0,277094,75694,162201,0,0,0,0,12165,0,94617,0,33792,0,6082,0,150036,0,510935,1344245,3505582,0,65894,0,0,0,0,71301,0,0,0,215930,1541253,464640,0,0,0,0,0
BWM-DR01,0,0,0,0,0,0,0,0,1689,0,0,0,0,0,0,0,0,0,0,0,0,0,0,0,0,0,0,0,0,39536,0,24668,675164,0,0,0,0,0,0,0,0,0,16220,0,0,0,15882,0,0,6348165,57784,0,654888,4392,0,0,4730,0,0,0,0,0,0,0,0,0,0,217282,0,0,0,0,0,0,355829,0,0,0,0,0,0,0,0,0,0,0,0,0,0,0,0,0,0,0,0,0,0,0,0,0,0,0,0,0,0,0,0,0,0,0,0,0,0,0,0,0,0,0,0,0,0,0,0,0,0,0,0,111175,270336,0,0,0,0,0,0,0,0,0,0,0,0,0,0,0,0,0,0,0,0,0,0,0,0,0,0,0,0,0,0,0,0,0,0,0,0,0,398407,0,0,0,0,0,0,0,0,0,0,0,0,0,0,0,0,0,0,0,0,0,0,2289070,0,515328,0,119623,0,0,0,0,0,0,0,0,138885,14868,35819,0,0,0,0,0
BWM-DR03,0,0,0,0,0,0,0,15206,209172,0,0,0,0,0,0,0,0,0,0,0,0,0,0,0,0,0,0,0,0,278108,0,846827,451123,0,0,0,0,0,0,0,0,0,357857,5028925,0,0,380835,0,6348165,0,375429,0,53729,0,0,0,11827,0,0,0,0,0,0,0,0,0,0,1369589,0,0,0,0,0,0,361574,0,0,0,0,0,0,0,0,0,0,0,0,0,0,0,0,0,0,0,0,0,0,0,0,0,0,0,0,0,0,0,0,0,0,0,0,0,0,0,0,0,0,0,0,0,5406,0,0,0,0,0,0,40212,125368,0,0,0,0,0,0,0,0,0,0,0,0,0,0,0,0,0,0,0,0,0,0,0,0,0,0,0,0,0,0,0,0,0,0,0,0,0,705914,0,0,72652,0,0,0,0,0,0,0,0,0,0,0,0,0,0,9461,0,0,0,0,277432,0,0,0,0,0,0,0,0,0,0,0,0,300410,0,139898,0,0,0,0,0
CEPDR,0,0,0,0,0,0,11489,0,1046538,0,1828147,1228339,0,62515,0,0,0,0,0,0,0,0,611973,439971,0,249047,0,0,0,0,0,0,0,0,0,23992,0,0,0,0,0,0,908328,263915,0,0,1061068,1713254,57784,375429,0,1065461,8785,1209753,32440,0,973885,0,0,0,0,0,0,0,0,0,532224,832634,0,40888,89210,66570,59811,0,642048,0,0,0,25006,0,0,0,0,0,6082,0,92928,23992,74680,117596,0,0,0,0,0,0,0,473425,11489,117258,0,0,0,2112337,3002757,53391,0,118272,3041,13854,0,0,0,0,0,0,13178,0,102051,0,33116,0,0,0,0,0,0,0,1586196,0,1205698,696453,224378,0,218634,0,47646,0,0,0,0,0,0,5744,0,0,0,0,0,0,0,0,0,846827,0,47646,0,0,0,0,451461,0,0,0,0,0,0,0,0,851558,0,0,68597,99686,83466,0,2703,0,0,11489,0,3717,0,1437511,0,1393582,159836,403476,0,1229352,1459814,1688924,0,0,0,0,0,0,0,0,0,0,18247,0,362250,0,0,0,0,0
BWM-DR06,0,0,0,0,0,0,0,0,6420,0,0,0,0,0,0,0,0,0,0,0,0,0,63528,0,0,0,0,0,0,0,0,0,0,0,0,0,0,0,0,0,0,0,0,0,0,0,0,0,0,0,1065461,0,925562,3579924,0,0,0,0,0,0,0,0,0,0,0,0,0,902584,5068,0,0,0,0,0,0,0,0,0,0,0,0,0,0,0,0,0,0,0,0,0,0,0,0,0,0,0,0,280811,0,0,0,0,0,2503987,0,107120,0,0,0,0,0,0,0,0,0,0,0,0,0,0,0,0,0,0,0,40212,0,0,0,0,0,0,10475,0,0,0,0,0,0,0,0,0,0,0,0,0,0,0,0,0,0,0,0,0,0,0,0,0,0,0,5068,0,0,0,0,0,0,0,0,0,0,0,0,0,0,0,188897,0,0,0,0,0,0,0,0,0,45281,0,0,0,0,0,0,0,0,0,0,0,0,0,0,0,0,0,0,0,0,0,0,0
BWM-DR02,0,0,0,0,0,0,0,0,0,0,0,0,0,0,0,0,0,0,0,0,0,0,106782,0,0,0,0,0,0,0,0,0,0,0,0,0,0,0,0,0,0,0,0,0,0,0,0,0,654888,53729,8785,925562,0,7874549,0,0,0,0,0,0,0,0,0,0,0,0,0,585615,0,533575,0,0,0,0,92590,0,0,0,0,0,0,0,0,0,5406,0,0,0,0,0,0,0,0,0,0,0,0,0,0,0,0,0,0,204779,0,65556,0,0,0,0,0,0,0,0,0,0,0,0,0,0,0,0,0,0,0,0,0,0,422400,0,520058,0,13516,0,0,0,0,0,0,0,0,0,0,0,0,0,0,0,0,0,0,0,0,0,0,0,0,0,0,2466478,31426,0,0,0,0,0,35819,0,0,0,0,0,0,0,0,0,0,0,0,0,0,0,0,0,0,0,0,0,0,347719,0,459233,0,100700,0,0,0,0,0,0,2196480,0,2703,40550,0,0,0,0,0,0
BWM-DR04,0,0,0,0,0,0,0,0,21288,0,0,0,0,364953,0,0,0,0,0,0,0,0,60825,0,0,0,0,0,0,0,0,0,0,0,0,0,0,0,0,0,0,0,0,0,0,0,0,0,4392,0,1209753,3579924,7874549,0,0,0,0,33792,0,0,0,0,0,0,0,0,0,2602659,20275,22302,0,0,0,0,213565,0,0,0,0,0,0,0,0,0,0,0,0,0,0,0,0,0,0,0,0,0,0,0,0,0,0,0,0,244992,2703,816752,0,0,0,0,0,0,0,0,0,0,0,0,0,0,0,0,0,0,0,0,0,0,64542,0,550809,0,104079,0,0,0,0,0,0,0,0,0,0,0,0,0,0,0,0,0,0,0,0,0,0,0,0,0,0,138547,2489456,0,0,0,0,0,0,12840,0,0,0,0,0,0,0,0,113879,0,0,0,0,0,0,0,0,0,0,0,0,95293,0,10813,0,0,0,0,0,0,0,0,628193,0,0,0,0,0,0,0,0,0
AVAR,0,0,21288,0,0,0,623124,377794,1744005,445040,1351,1689,97996,681584,871157,752547,769105,0,0,0,0,0,47984,214241,0,0,0,0,0,0,0,0,0,0,0,1309440,5068,0,0,0,0,0,0,0,1081344,0,153415,0,0,0,32440,0,0,0,0,0,0,0,0,0,991795,179097,654551,204779,187545,248033,0,259522,0,27371,0,3041,146657,2007244,325754,0,366643,0,700170,1436835,0,0,0,0,0,315955,309872,741058,0,0,1742991,0,0,567367,43253,1689,34129,581898,0,0,6420,671784,1059379,0,0,0,205793,267632,75356,512962,132464,141926,0,0,225730,191938,11489,0,763699,0,3717,0,637655,2542848,585277,2547240,14530,1486848,306155,0,691046,1025925,201062,0,204441,0,0,22640,0,354478,0,0,0,0,0,0,0,0,0,0,0,0,0,0,88872,188559,0,192276,0,0,0,0,0,0,0,117596,0,0,0,2570219,0,151726,0,1281730,0,1575383,2760806,0,0,248371,80762,0,600145,4392,433889,1567610,417669,469370,0,0,0,0,0,0,0,0,0,0,0,0,0,0,0,0,68259,0,0,0,0,0
OLQVR,0,0,0,0,0,0,304803,0,0,0,117596,3309926,0,0,0,0,0,0,0,749168,1481103,1931550,0,664688,0,0,0,0,0,0,0,0,0,0,0,0,0,0,0,0,0,0,0,0,0,0,0,0,0,0,0,0,0,0,0,10813,579532,1529763,0,0,0,12503,57784,51025,0,0,0,0,0,0,0,0,0,0,0,0,0,0,189573,0,0,0,0,0,2291773,6758,51025,21288,0,0,0,0,0,0,0,0,0,0,0,0,0,0,0,0,509921,0,0,56094,40212,0,0,1097902,2703,0,0,0,7096,0,0,0,0,607918,0,0,3041,0,0,0,0,0,0,73328,5744,0,0,0,0,0,0,0,0,0,0,0,0,0,0,0,0,0,0,0,0,55418,0,0,0,87183,6758,0,0,0,0,2027,0,0,0,1351680,0,349071,0,91914,473425,135505,182814,0,0,14530,0,0,75356,115230,0,139560,0,83804,0,273377,1012408,0,0,0,0,434565,0,0,0,0,0,0,0,0,32440,966451,221675,0,0,0,0,0
OLLR,0,0,0,0,0,0,27033,260198,583587,0,0,0,0,480860,0,0,0,0,0,7096,451461,890419,256481,0,0,0,0,0,0,0,0,0,0,0,0,31088,0,0,1013,0,0,0,0,0,0,0,335554,319672,4730,11827,973885,0,0,0,0,579532,0,2229934,0,0,51701,0,0,0,0,0,0,105093,82114,2827714,0,11489,0,0,0,0,47984,470384,34129,0,9799,0,0,0,13178,142264,0,0,0,0,0,0,1689,0,0,39536,30412,155105,111513,50688,0,0,0,0,1497661,1035386,0,0,58460,675,0,0,0,0,69949,93603,127733,131450,0,0,0,55756,0,0,0,0,1168527,225054,1982576,0,11489,0,65218,0,46295,0,0,0,0,0,0,0,0,140574,0,0,0,0,0,0,0,0,0,2927400,0,0,27033,182814,0,0,0,0,0,0,0,64542,1853829,1404395,0,85493,0,0,847165,94617,150712,0,68259,122327,42577,50350,0,95969,0,270336,328796,7434,0,1078978,0,78397,0,1081681,577505,0,0,0,0,0,19937,0,128747,0,2399907,3214632,2328944,0,277770,0,0,0
IL2R,0,0,0,0,0,0,0,0,0,0,483225,494714,0,609269,0,0,0,0,0,577843,0,1689,99010,0,0,0,0,0,0,0,0,0,0,0,0,0,0,0,0,0,0,0,0,0,0,0,0,886026,0,0,0,0,0,33792,0,1529763,2229934,0,0,0,0,0,0,0,0,0,0,0,0,1899448,0,0,0,0,0,0,0,0,13178,675,14868,0,0,0,0,235192,0,0,0,0,0,48660,3717,0,0,43253,25006,449095,57784,99010,0,0,0,0,1545308,446054,0,51025,0,0,0,0,0,1013,58122,137871,76369,98334,173690,0,0,33116,0,0,0,0,157808,102051,0,0,14530,99010,82790,0,0,0,0,0,0,0,0,0,0,1689,0,0,0,0,0,0,0,0,0,0,0,114892,46632,91238,0,7772,0,0,0,0,0,53391,861020,0,0,184842,0,0,0,0,0,0,0,135843,0,0,0,0,144629,0,0,0,0,69949,528506,1546321,213565,96645,0,53053,0,0,0,0,6420,0,4068894,0,511272,1611540,0,0,0,0,0,0
IL2L,0,0,0,0,0,0,0,0,0,69611,0,928266,0,0,1002270,0,0,89210,0,0,0,0,207482,0,1340866,0,0,0,0,0,0,0,0,101713,0,0,410572,225054,85155,13516,1590251,0,0,0,0,841758,0,0,0,0,0,0,0,0,0,0,0,0,0,2090373,0,0,0,1013,0,0,0,0,0,0,337,0,0,0,0,0,0,0,0,2365,18247,0,0,0,0,0,0,0,0,0,0,77045,64204,0,0,0,0,0,0,0,0,0,0,0,0,44943,0,0,0,0,0,0,0,0,48322,0,0,0,0,0,0,0,0,0,0,0,0,0,0,132126,0,148684,19599,0,0,0,0,11827,0,548444,20613,0,98334,0,0,0,0,0,0,0,0,0,0,175380,129761,0,74342,0,0,0,0,0,0,0,0,140236,671447,0,0,143953,147671,0,0,0,0,20613,0,96307,0,0,0,0,0,0,9799,0,0,0,0,0,0,0,2026168,0,284190,0,0,0,39198,0,389621,37509,503162,4349706,0,0,186531,1485834,1547335,130775
IL1L,0,0,0,0,0,0,0,17909,0,0,0,0,0,0,1417236,0,0,23654,0,0,0,0,647116,422737,657254,140574,0,0,69611,0,0,0,3041,649820,0,0,408545,0,757278,1013,0,0,0,0,0,1891338,0,0,0,0,0,0,0,0,0,0,0,0,2090373,0,137871,0,0,127733,0,130099,0,1993052,0,0,0,0,0,0,0,10475,0,0,0,0,2365,0,0,686315,2549944,0,0,0,0,0,0,18247,0,0,0,0,0,0,0,0,0,0,0,0,0,908328,0,0,0,0,0,0,0,0,0,0,0,0,0,0,0,0,0,0,0,0,0,0,609607,45957,0,0,0,0,0,76369,0,0,0,322375,0,0,31764,0,0,0,0,107120,0,0,0,0,0,297031,27033,276418,19599,0,0,0,0,0,0,0,0,2027,3717,0,0,0,112865,0,0,0,0,0,0,0,0,0,0,0,0,0,0,169297,385228,0,0,0,0,0,2120448,0,33454,0,0,0,0,5406,0,0,54067,3396433,451799,368332,777891,287232,0,0
