,IL1L,BWM-DR06,IL2VR,IL2VL,BWM-VL05,CEPVR,CEPVL,OLQVL,BWM-VL06,SAADR,RIH,RIR,SMBVR,AIAL,BDUL,BDUR,RID,RMED,RIGR,AIYR,SIAVR,SIAVL,SIADL,SMBDL,SMBDR,AIBR,RIMR,RIBR,RICR,AVBR,SAADL,AVL,BWM-VL07,BWM-VR01,BWM-VR04,BWM-VR02,BWM-VR03,BWM-VL02,BWM-VL01,BWM-VL03,AWCL,AWBL,ASIL,AWAL,URADL,IL1DR,URYDR,OLQDR,URYDL,IL1DL,URBL,OLQDL,URYVL,URAVL,URAVR,IL1VL,IL1VR,OLQVR,RIPR,URYVR,RMER,BWM-VR05,BAGR,BAGL,BWM-DL05,BWM-DL06,RMDVR,RMEL,RMDVL,SMDVR,AVAR,SAAVR,RMDR,RMEV,CEPDR,CEPDL,AVAL,RMDL,URXL,AVEL,AFDL,ADFL,SMDDR,SIBVL,SMDDL,AWBR,ASHR,ASKL,RIAL,SMDVL,RMDDR,AWCR,ADFR,AVER,SIBDR,RMDDL,RIAR,AFDR,SAAVL,ASKR,SIBVR,ADLR,AWAR,AIBL,ASHL,AUAL,AUAR,AIAR,SIADR,ASGR,ASER,ADLL,AVHR,ASGL,ASJL,RIBL,ASEL,AVBL,BWM-DR07,AVJR,RIVR,AVDR,RIVL,AVJL,AIMR,AIZR,AVHL,RIML,FLPR,RIS,AVDL,RICL,AINR,AIML,RIFR,RIFL,ADER,AIYL,FLPL,AIZL,AINL,ADEL,AVKL,AVKR,ADAR,ADAL,RMGR,RMGL,RIGL,SIBDL,ASJR,ALMR,ALML,BWM-VL08,BWM-DR04,BWM-DR02,BWM-DL02,IL1R,BWM-DR01,URBR,RIPL,URXR,BWM-DL01,SMBVL,BWM-VR06,BWM-VR08,BWM-DR03,BWM-DR05,BWM-DR08,BWM-DL08,BWM-DL03,BWM-VR07,URADR,OLLL,IL2L,BWM-DL04,PVQR,PVPR,ALA,IL2DL,BWM-VL04,ASIR,OLLR,IL2DR,IL2R,PVT,PVPL,PVQL,PVCL,DVC,DVA,PVCR,PVR,Glia,Fragment1,excgl,SABD,DB1,DA1,Fragment2,CANR
IL1L,0,0,0,0,0,0,0,0,0,95640,0,99240,0,0,39960,0,0,5640,0,0,0,34080,0,0,0,0,0,0,0,0,0,0,0,0,0,0,0,225600,0,0,48960,0,27000,0,53760,0,0,0,0,80760,709800,0,0,146040,0,203760,0,0,0,0,946200,0,0,0,0,0,165120,77640,627000,0,0,0,201600,0,0,75120,0,165360,106440,150120,2520,0,11040,65160,0,0,0,0,49560,49920,204480,34680,0,102600,0,339240,54240,0,23280,0,3720,0,0,15960,0,47040,0,0,0,0,5760,77520,0,0,23040,0,0,0,0,0,0,0,85440,32160,0,0,0,71040,0,0,0,22200,20880,0,0,81360,0,0,0,0,0,0,0,0,0,0,0,110280,0,32040,0,0,65400,0,0,0,128520,0,0,0,0,0,0,0,0,0,0,0,0,0,0,0,0,656640,467040,0,0,0,35040,0,0,0,0,0,0,0,0,26640,0,0,0,0,0,0,0,0,0,0,0,0,0
BWM-DR06,0,0,0,0,0,0,0,0,0,0,0,0,0,0,0,0,0,0,0,0,0,0,0,64440,0,0,0,0,0,0,0,0,0,0,0,0,0,0,0,0,0,0,0,0,0,0,0,0,0,0,0,0,0,0,0,0,0,0,0,0,0,0,0,0,0,0,0,0,23880,0,0,0,138600,0,136320,0,0,61320,0,0,0,0,0,0,0,0,0,0,0,0,0,0,0,0,0,5520,0,0,0,0,53640,0,0,0,0,0,0,0,0,0,0,0,0,0,0,0,0,0,0,0,0,0,0,0,0,0,0,38760,0,0,0,0,0,0,0,0,0,0,0,0,0,0,0,0,0,0,5760,0,0,0,0,0,0,0,310800,0,0,0,0,0,0,0,0,0,0,0,0,0,64080,0,0,0,0,0,0,0,0,0,0,0,0,0,0,0,0,0,0,0,0,0,0,0,0,0,0,0,0,0,0,0,0
IL2VR,0,0,0,0,0,432840,0,0,0,14160,386160,0,0,0,0,0,0,64800,34200,0,12240,0,0,0,0,0,0,0,56640,0,0,19200,0,0,0,0,0,0,0,0,0,0,0,0,0,0,0,0,0,0,0,0,0,0,552480,0,582720,339000,626040,168240,111720,0,0,71880,0,0,0,147240,0,0,0,0,0,155880,0,0,0,0,0,0,0,0,0,13920,0,0,0,0,0,0,0,0,0,0,15720,0,41640,0,0,0,19320,0,0,44760,0,0,0,0,12120,0,0,0,0,0,0,0,0,0,0,0,0,0,0,0,0,0,0,0,0,0,0,23520,0,0,0,0,0,0,0,0,0,0,0,0,11040,0,0,0,0,0,0,0,0,0,0,0,0,0,0,0,0,65400,0,0,0,0,0,0,0,0,0,0,0,0,0,0,0,0,0,0,0,0,0,0,51720,35040,0,0,0,0,27960,0,0,0,0,0,0,0,0,0,0
IL2VL,0,0,0,0,0,0,423600,246480,0,0,318480,0,0,0,0,0,0,118080,0,0,0,16920,9960,720,0,46920,0,0,33600,0,1200,1920,0,0,0,0,0,0,0,0,0,0,0,0,0,0,0,0,0,0,0,0,211440,677160,0,591000,0,0,0,0,162600,0,50520,0,0,0,840,117000,0,0,0,0,0,199680,0,0,0,0,14400,0,0,0,0,27000,0,0,0,0,33960,0,0,0,0,0,0,0,0,0,0,0,7560,0,0,0,0,0,0,0,0,0,0,0,0,0,0,121440,0,0,0,0,0,0,0,0,0,0,0,0,0,0,0,34680,0,0,0,0,0,0,0,0,0,0,0,0,0,43080,0,0,20760,35160,0,0,0,0,0,0,0,0,0,0,318840,0,0,7920,0,0,0,0,0,0,0,0,0,0,0,0,0,0,0,0,0,0,0,0,0,72600,0,0,0,480,27240,0,13320,0,0,0,0,0,0,0,0
BWM-VL05,0,0,0,0,0,0,186360,0,0,0,0,0,0,0,0,0,11640,0,0,0,0,0,0,0,0,0,0,0,9360,0,0,0,36720,0,0,0,0,0,480,735480,0,0,0,0,0,0,0,0,0,0,0,0,0,0,0,0,0,0,0,0,0,0,0,0,0,0,192240,0,0,107040,0,0,0,22800,0,0,0,0,0,0,0,0,0,0,0,0,0,0,0,0,0,0,0,0,0,37320,0,0,0,0,0,0,0,0,0,0,0,0,0,0,0,0,0,0,0,0,0,0,0,0,0,0,0,0,0,0,0,0,0,0,0,69480,0,0,0,0,0,0,0,0,0,0,0,0,0,0,0,0,0,0,0,0,0,0,0,0,0,0,0,0,0,0,0,52200,0,0,0,0,0,0,0,0,0,0,0,0,0,0,0,0,0,0,0,0,0,0,0,0,0,0,0,0,360,0,0,0,0,0,0,0,0
CEPVR,0,0,432840,0,0,0,0,0,0,0,489360,0,312240,0,0,0,0,0,0,5040,64920,0,0,0,16080,25320,0,108360,411960,52800,0,0,0,376080,105720,34680,316800,0,0,0,31800,0,0,0,0,0,0,0,0,0,0,0,0,0,99600,0,484200,36960,88200,999000,39240,250080,0,160800,0,0,0,0,89400,0,0,0,531000,97560,0,0,0,200280,0,230400,0,0,5520,30120,0,0,0,0,77760,379920,546960,45600,0,0,107760,0,816360,42840,0,0,41520,0,0,14880,0,0,53760,2160,0,39000,0,0,0,0,0,0,0,0,0,0,0,0,47520,38040,75840,0,0,0,0,357960,45480,327600,0,0,35160,0,0,0,0,0,22680,0,0,240,0,0,173880,0,0,0,39960,96600,0,0,0,0,0,0,0,298560,0,0,0,0,117120,192600,0,0,0,0,0,24000,0,0,0,0,2280,1560,0,0,0,55080,434880,0,0,0,0,0,0,0,0,0,376560,0,0,81960,0,0,0,0,0
CEPVL,0,0,0,423600,186360,0,0,379920,195480,0,678720,0,0,6000,26160,0,85920,0,0,0,0,0,0,0,0,0,104520,0,237840,0,0,0,0,0,0,0,0,20400,286680,209400,53040,0,47160,0,0,0,0,0,0,0,62760,0,445920,126480,0,421680,0,0,0,0,0,0,101040,0,0,0,195960,0,0,410040,0,0,92160,41160,0,960,0,210720,0,0,4680,0,0,0,3600,0,0,10920,437280,0,0,0,0,211080,0,636600,115560,0,0,0,6120,0,0,2520,0,59880,0,0,0,0,0,0,0,38400,41040,86640,0,0,0,54840,0,51480,0,0,0,0,0,0,0,212880,0,368280,83520,65280,0,48120,0,0,0,0,0,0,0,0,0,32160,0,82440,0,0,0,0,50280,258000,0,0,0,0,0,0,0,0,0,295200,0,0,0,0,0,0,0,0,0,389760,0,0,0,0,0,0,124800,0,0,0,0,0,0,99360,0,0,0,31200,547320,0,0,0,0,0,0,0,0
OLQVL,0,0,0,246480,0,0,379920,244560,40200,0,1047840,29640,0,0,0,0,0,24840,0,0,0,0,0,0,0,5040,0,0,69000,0,0,37800,0,0,0,0,0,0,0,0,0,31200,0,0,0,0,0,0,0,0,0,8040,370800,288480,0,431760,0,0,0,0,0,0,156840,0,0,0,362880,633480,0,0,0,0,0,221640,0,0,0,4920,83160,0,0,40320,0,7920,0,0,0,0,1440,0,0,0,0,52560,0,35280,0,0,0,0,69240,0,0,0,0,0,0,0,0,0,0,0,31680,0,0,80280,0,3840,0,17040,0,61680,0,0,0,0,0,0,0,60240,0,313920,0,0,0,0,0,0,0,3240,0,0,0,0,0,173160,0,0,85800,35880,0,0,31560,0,0,0,0,0,0,0,266160,0,0,337440,0,0,0,0,0,0,0,0,0,183360,362400,0,0,0,0,0,3000,0,0,0,0,63840,34440,0,0,104040,4680,46560,110760,0,0,0,0,0,0,0,0
BWM-VL06,0,0,0,0,0,0,195480,40200,0,0,0,0,0,0,0,0,0,0,0,0,0,5520,0,0,0,0,0,0,0,0,0,0,0,0,0,0,0,0,0,0,0,0,0,0,0,0,0,0,0,0,0,0,0,0,0,0,0,0,0,0,0,0,0,0,0,0,31560,0,0,1920,0,0,116040,0,0,0,0,94920,0,0,0,0,0,0,0,0,0,0,0,0,0,0,0,0,0,0,3240,0,0,0,0,0,0,0,0,0,0,0,0,0,0,0,0,0,0,0,0,0,0,0,0,0,0,0,0,0,0,0,0,0,0,0,0,0,0,0,0,0,0,0,0,0,0,0,0,0,0,21480,0,46200,0,0,0,38640,0,0,0,0,0,0,0,0,0,166080,0,0,0,0,0,0,0,0,0,0,0,0,0,0,0,0,386640,0,0,0,0,0,0,0,0,0,0,0,11280,0,0,0,0,0,0,0,0
SAADR,95640,0,14160,0,0,0,0,0,0,24000,75120,18360,708000,0,0,0,9960,0,752640,0,0,16560,0,9720,204720,347280,921600,0,25680,0,369360,0,0,0,0,0,0,0,0,0,0,0,0,0,0,0,0,0,1560,0,204960,0,0,0,0,0,41520,0,0,131880,0,0,0,0,0,0,0,0,279600,18120,188640,74160,43920,0,0,0,155640,2640,0,114720,0,0,546960,109080,20880,0,0,0,0,583080,104880,0,5160,0,73920,0,64800,0,552600,0,97560,0,0,323880,0,0,0,0,177240,0,0,0,0,0,0,0,0,0,0,3600,0,115080,607800,0,0,72240,6960,817800,0,39240,2280,0,0,0,0,107400,121800,0,89160,0,12240,477960,96120,13920,466440,56760,220800,125040,211440,0,0,0,123120,0,0,0,0,0,0,0,0,0,0,99720,0,0,0,0,0,0,0,2520,0,290160,40440,0,0,0,0,0,0,0,0,0,0,15960,0,0,0,0,8400,30840,0,0,0,431040,0,0,0,0,0
RIH,0,0,386160,318480,0,489360,678720,1047840,0,75120,0,618720,0,0,0,10440,0,601800,448080,147000,28920,0,0,199080,253920,0,0,29640,0,0,120,49680,0,0,0,0,0,0,0,0,0,0,0,0,0,1680,54480,636360,91680,50280,0,211680,625800,77880,102000,64560,79200,1176000,745320,210720,460800,0,133320,89040,0,0,0,309720,0,0,8760,102600,0,573480,184320,218520,18840,0,16080,0,0,28080,16080,48480,0,0,0,0,613800,0,117000,0,83160,72840,0,0,671640,0,0,0,77520,0,0,0,0,9240,0,0,0,0,0,0,0,0,0,52320,0,720,0,0,217320,150960,84120,30600,0,346800,0,0,678240,254880,0,0,50640,0,0,0,105960,399960,1139640,367560,61200,274080,3600,0,54720,70200,0,0,237000,0,0,0,0,0,0,0,0,0,0,0,573720,31080,0,0,0,0,0,0,0,0,0,0,38520,0,400680,0,0,0,0,416760,0,0,0,812160,612480,19560,0,0,412680,0,0,28440,0,0,0,38760,0,0,0,0,0
RIR,99240,0,0,0,0,0,0,29640,0,18360,618720,0,111600,7080,55560,0,42720,0,298440,58440,0,0,1800,105480,49200,113280,0,27600,0,164520,0,131280,0,0,0,0,0,0,0,0,0,231120,0,15360,0,0,0,0,0,0,183240,0,166800,0,4440,8400,24000,44280,0,155160,0,0,331200,235680,0,0,0,0,0,0,0,0,0,276360,0,0,69120,0,586920,70200,1560,804840,0,56400,0,46800,6480,0,351720,0,0,0,477120,78960,23520,0,430440,0,0,0,93000,0,0,3360,114480,117600,43680,0,64200,0,90120,0,393480,0,0,0,2160,287760,0,33960,171720,30360,304440,35400,0,707400,299520,0,0,0,46440,0,0,4920,0,169080,0,177840,27720,354960,0,0,0,0,0,30240,0,0,332760,33600,0,0,109200,0,0,0,0,0,0,0,0,411120,0,49440,0,0,0,0,0,0,0,0,0,0,0,0,14640,605160,37800,0,0,0,0,0,0,5520,847920,240,0,0,966600,9960,0,0,0,73320,0,0,0,0,0
SMBVR,0,0,0,0,0,312240,0,0,0,708000,0,111600,0,0,0,5880,0,0,212040,136680,989400,0,0,100920,1197000,40200,61800,0,171240,42000,124440,0,0,192120,192000,0,146040,0,0,0,0,0,0,0,0,0,0,0,0,0,0,0,0,0,0,0,34200,270480,0,0,0,27480,0,0,0,0,0,0,557760,0,0,0,27000,98040,0,0,0,118080,0,0,0,0,92160,151080,52920,21960,736320,0,0,346200,9240,0,246120,13320,446160,100560,93000,0,210480,2760,14160,507240,466440,25920,0,0,0,206760,37560,0,81960,0,0,0,0,0,0,4800,0,0,0,0,0,1320,255120,1090080,35040,0,0,151080,0,89160,0,0,117240,0,0,6720,0,4200,0,0,32640,1320,111720,0,257520,0,0,0,82680,0,0,0,0,0,0,17160,0,33720,0,90840,0,21240,119040,75960,0,0,0,0,0,118680,0,0,0,0,124680,37680,0,0,0,0,87600,0,130560,3720,0,0,0,0,26760,0,0,0,0,537120,82440,23520,62760,0,0
AIAL,0,0,0,0,0,0,6000,0,0,0,0,7080,0,0,0,0,32880,0,0,0,0,0,0,0,0,0,0,0,0,0,0,0,0,0,0,0,0,0,0,0,700560,278760,402240,223920,0,0,0,0,5760,11040,0,0,0,0,0,0,0,0,0,0,0,0,0,0,0,0,0,0,0,0,0,0,0,0,0,0,0,0,0,0,6840,166800,0,0,0,0,0,1039080,0,0,0,233760,0,0,0,0,0,0,0,0,0,0,0,1416480,488640,0,0,14160,0,0,413640,243000,0,738480,385320,0,187080,0,0,0,0,0,0,0,22560,0,0,0,0,0,0,1440,2880,627840,0,146760,0,58680,0,324720,95400,0,0,0,0,0,0,29400,0,0,0,0,0,0,0,0,0,0,0,0,0,0,0,162360,0,0,0,0,0,0,0,0,0,0,0,0,0,0,0,0,0,34200,0,0,0,0,0,395160,0,0,0,0,0,0,0,0,0,0,0,0,0
BDUL,39960,0,0,0,0,0,26160,0,0,0,0,55560,0,0,0,231000,167640,0,0,0,0,19080,0,0,0,0,0,0,0,49440,0,0,0,0,0,0,0,0,0,0,0,0,0,0,26760,0,0,0,0,3120,5760,0,0,0,0,0,0,0,0,0,0,0,0,0,0,0,0,0,0,0,0,0,0,0,0,17160,0,0,0,240,0,0,0,0,0,0,108240,0,0,0,0,0,0,0,0,0,0,0,0,0,182280,0,0,0,116760,0,0,0,0,0,0,0,80400,0,0,0,0,54240,0,35880,5280,0,0,307560,14040,0,50280,0,0,0,0,0,0,600,47160,1054080,0,0,0,0,0,0,0,0,0,42480,0,191880,0,0,0,0,45720,0,0,0,4920,0,0,0,0,0,5400,0,0,0,0,0,0,0,0,0,0,0,0,0,27240,0,0,19920,0,0,0,0,0,0,0,80760,64200,0,261600,30600,676920,0,0,123480,0,0,0,0,0
BDUR,0,0,0,0,0,0,0,0,0,0,10440,0,5880,0,231000,0,0,0,0,0,66600,0,0,0,0,0,0,0,0,186480,0,0,0,0,14880,6600,0,0,0,0,0,0,0,0,0,240,0,0,0,0,0,0,0,0,0,0,0,0,0,0,0,0,0,0,0,0,0,0,0,0,0,0,36480,0,17880,0,0,0,0,0,0,0,0,116880,0,0,10080,0,0,0,0,0,0,16200,0,0,0,0,0,0,24000,0,0,0,0,0,0,0,0,0,0,0,11160,0,0,0,0,91920,0,14880,0,0,0,195720,56160,0,79560,0,100800,7200,140520,0,0,0,1365240,0,0,0,0,0,0,0,0,0,69960,0,240840,0,0,0,0,462720,0,0,0,0,0,11280,0,0,0,0,0,0,0,0,0,0,0,0,0,0,6840,0,0,0,220320,0,0,0,0,0,0,49680,0,0,0,0,163560,0,0,38280,1006320,0,0,147240,0,0,0,0,0
RID,0,0,0,0,11640,0,85920,0,0,9960,0,42720,0,32880,167640,0,4800,25080,128400,0,0,26280,0,0,0,50880,3720,0,118320,330720,154560,53880,0,0,0,0,0,0,0,0,0,0,0,0,53880,0,0,0,56040,0,25800,1080,74040,0,0,0,0,0,0,0,0,0,265800,226200,0,0,0,0,0,0,0,0,0,39480,0,0,381000,0,0,34680,53520,30360,2640,47520,6600,0,0,0,0,0,0,9000,0,24720,12240,0,0,77280,32040,0,362040,0,0,0,161880,0,39000,0,600,0,44280,0,124200,10320,0,25320,0,73920,0,257520,0,421080,91440,0,0,0,0,51720,0,36000,332040,274440,586440,149760,0,63000,0,0,0,82320,303960,0,0,8880,240,109200,0,216600,578760,104880,0,0,0,0,0,0,0,0,0,0,0,0,0,41760,0,0,0,0,0,0,0,0,0,0,0,0,0,0,0,0,0,0,0,0,0,0,78240,0,107040,0,292080,553920,359160,0,0,198000,0,0,0,0,0
RMED,5640,0,64800,118080,0,0,0,24840,0,0,601800,0,0,0,0,0,25080,12720,74640,0,0,0,0,87720,61800,0,0,257160,0,0,0,202200,0,185040,0,0,13440,0,237840,5640,0,0,0,0,109320,86400,117720,36720,87120,115200,0,99000,31080,340560,180840,177120,111600,0,183600,55920,679320,0,0,0,29880,0,559440,871560,953400,12720,0,0,0,2169600,0,31080,0,0,11880,14040,0,0,296880,0,263160,0,0,0,0,66360,93600,0,0,0,0,128160,0,0,0,0,0,0,0,0,0,0,0,0,0,0,0,0,0,0,0,127680,0,0,0,0,0,0,0,0,0,0,0,0,0,417600,0,0,0,0,0,0,0,0,0,0,0,0,26160,26760,0,0,0,0,1920,0,0,0,0,0,0,0,0,0,55200,0,175920,0,52080,0,0,0,69480,51240,0,0,64560,0,53160,216960,172320,0,0,0,0,97200,0,0,451200,118680,220920,127920,0,0,0,0,0,0,0,0,0,0,0,0,8520,0,0
RIGR,0,0,34200,0,0,0,0,0,0,752640,448080,298440,212040,0,0,0,128400,74640,0,87720,8160,0,0,78000,312000,79320,345960,73440,0,34800,77280,480000,0,0,0,0,0,0,0,0,0,0,0,0,0,41880,101400,80400,0,0,0,0,0,0,40320,0,33600,204720,0,231960,143400,0,72360,541920,0,0,0,0,0,0,0,11520,0,352440,0,0,12360,0,0,31440,0,0,240,0,0,0,8160,0,0,0,0,0,0,2280,41640,0,234360,0,226800,0,83760,0,0,579720,0,0,25440,0,240,0,0,0,0,0,0,0,0,364920,0,0,0,0,551880,128280,0,754920,1440,102240,0,0,63120,0,0,0,10320,0,131400,0,24120,3120,0,171120,674760,285840,0,0,174720,0,291720,0,0,0,0,0,0,0,0,0,0,0,0,333720,0,56760,0,0,0,0,0,0,0,0,0,0,0,0,0,43920,0,0,0,0,242280,60960,0,1381080,0,0,51000,63000,37080,43440,0,0,0,0,0,0,0,0,0
AIYR,0,0,0,0,0,5040,0,0,0,0,147000,58440,136680,0,0,0,0,0,87720,0,0,0,0,0,0,143400,77640,881040,0,28920,0,0,0,0,0,0,0,0,0,0,580080,0,0,0,0,16560,34680,26160,0,0,0,0,0,0,0,0,0,0,0,0,0,0,21600,272760,0,0,0,0,0,0,0,0,0,0,0,0,0,0,0,0,106200,45000,0,0,0,521160,18120,0,0,0,0,438600,536880,0,128400,0,414000,1716840,0,2280,0,0,264000,2640,0,52440,1391400,14160,0,0,1103040,0,0,0,0,10800,622680,0,0,0,4440,0,0,531000,9240,1370400,0,0,2160,622440,0,0,67920,0,62040,0,0,107880,0,56160,138000,0,0,0,0,0,0,0,4800,0,0,0,0,0,0,0,0,0,0,0,0,57600,0,0,0,0,0,0,0,0,0,0,0,0,0,0,37200,0,0,0,0,500280,2040,4560,12120,0,0,0,66240,0,0,0,0,0,0,0,0,0,0,0,0
SIAVR,0,0,12240,0,0,64920,0,0,0,0,28920,0,989400,0,0,66600,0,0,8160,0,0,0,31800,0,300840,0,152640,34800,311520,1080,1680,0,0,0,0,5760,0,0,0,0,0,0,0,0,0,0,0,0,0,0,0,0,0,0,13440,0,13560,0,0,0,0,0,0,0,0,0,51840,0,454440,0,108120,55440,70800,0,0,0,0,280440,0,165840,0,0,0,186480,5520,0,283200,0,183120,292440,0,0,0,4440,960360,7560,42360,0,0,0,524400,19320,0,6960,0,0,0,0,439560,0,0,0,0,0,0,0,0,174240,0,0,7200,0,236640,12360,0,6240,6240,0,26280,0,0,162240,0,0,0,0,0,0,0,0,0,0,0,0,45960,0,93120,0,0,13080,0,0,0,0,0,0,0,33000,0,74160,0,0,0,0,13080,0,0,0,0,0,0,0,0,0,0,0,0,0,0,0,0,0,5400,0,7800,0,0,0,82560,0,771480,47160,146880,0,0,358920,0,11400,54360,0,0
SIAVL,34080,0,0,16920,0,0,0,0,5520,16560,0,0,0,0,19080,0,26280,0,0,0,0,0,498840,327960,0,18120,0,0,112920,37080,0,0,1080,0,0,0,0,0,0,0,0,41880,0,1320,0,0,0,0,0,0,49440,0,720,24240,0,17040,0,0,0,0,0,0,0,0,0,0,395520,0,37080,176400,0,0,125640,61200,0,0,57240,58320,0,14400,0,0,25440,554640,0,0,0,0,45960,0,43440,0,0,210840,15720,0,344400,0,37920,0,406560,0,0,0,66240,0,0,0,28800,0,0,0,95520,0,0,42840,1200,0,0,33360,254040,0,0,0,0,0,0,97200,0,0,0,477360,0,0,0,0,0,0,0,0,0,0,0,65760,0,45240,0,102600,0,677400,0,0,0,0,0,0,0,0,0,0,0,0,0,1184520,0,0,0,0,0,0,0,0,0,14160,17760,0,0,0,0,0,0,0,0,0,0,0,16200,0,168240,0,865560,42960,0,0,0,127920,0,0,0,3360,0
SIADL,0,0,0,9960,0,0,0,0,0,0,0,1800,0,0,0,0,0,0,0,0,31800,498840,0,908400,600,420840,32400,5160,18720,97200,103320,0,0,0,0,0,0,0,0,0,0,2400,0,0,0,0,0,0,45840,0,0,0,66120,31440,0,9600,0,0,0,0,0,0,0,2760,0,0,49800,0,54240,347880,187920,3000,162600,0,0,0,1560,109560,0,87840,0,0,62160,178200,225480,0,23520,0,69960,508800,52200,0,0,247200,26520,143520,47400,0,41040,0,25560,0,0,0,0,0,0,0,99720,0,0,0,18840,0,0,50040,0,0,0,0,32400,0,0,0,16080,0,0,263400,0,6360,0,66240,0,0,0,0,0,0,0,178440,0,0,269040,193200,61920,0,0,0,26160,423480,24600,89280,0,0,0,0,0,0,0,1800,0,69000,0,0,0,0,0,0,0,0,0,0,0,0,0,0,0,0,13200,0,0,0,0,0,0,0,0,0,0,0,271440,0,0,0,0,0,0,0,0,0,0
SMBDL,0,64440,0,720,0,0,0,0,0,9720,199080,105480,100920,0,0,0,0,87720,78000,0,0,327960,908400,0,110760,234480,0,0,98760,2160,255720,0,0,0,0,0,0,0,0,0,0,72480,0,0,0,69720,0,327840,36960,0,0,0,26760,0,0,0,0,0,6240,0,0,0,0,9960,1920,0,11400,0,25200,6480,120240,255240,3480,1080,84120,0,12600,0,0,0,0,52560,0,530280,300480,0,0,0,23640,51720,88080,0,0,6120,71400,547320,46440,0,20040,0,605760,0,0,0,112680,0,0,0,0,0,0,0,43560,0,0,6240,0,0,0,0,118440,2760,49080,0,0,100680,0,53280,0,0,0,279960,0,0,0,0,22080,0,1680,437160,0,0,420120,102000,5880,61320,0,0,417480,760920,0,137640,0,0,156480,6600,0,0,141360,319680,0,0,0,1014000,0,0,103320,77040,70080,0,0,0,45480,0,0,0,0,0,0,0,0,0,29160,480,0,5280,0,0,26760,0,81120,24960,0,0,0,0,0,0,0,0,0
SMBDR,0,0,0,0,0,16080,0,0,0,204720,253920,49200,1197000,0,0,0,0,61800,312000,0,300840,0,600,110760,0,0,9960,0,279240,0,51960,305400,0,0,0,0,0,0,0,0,0,0,0,0,69960,0,52680,0,0,9120,498000,336960,0,0,0,0,0,0,0,65520,0,0,3720,0,56040,29640,9120,0,14160,0,0,49080,18000,0,0,29520,42720,55440,0,7200,0,0,171000,778200,0,0,165960,0,0,3480,300600,0,21600,4200,775080,59880,32640,0,242880,0,346440,0,240,318360,0,0,0,0,785040,0,0,0,0,0,0,0,0,0,0,0,0,0,141480,0,0,577080,0,0,4920,0,29760,67680,0,0,0,10800,360,0,35760,3000,0,0,141240,177360,172320,0,119400,0,24120,61440,0,0,75960,0,0,0,38880,0,0,30240,29040,0,169440,29520,0,0,0,0,0,166680,110280,0,0,0,0,74520,0,0,4680,58920,0,0,0,0,0,4080,0,0,10320,0,148920,60840,0,0,49800,0,0,0,0,0,0
AIBR,0,0,0,46920,0,25320,0,5040,0,347280,0,113280,40200,0,0,0,50880,0,79320,143400,0,18120,420840,234480,0,0,200160,0,0,244800,261960,205320,0,0,0,0,0,0,0,0,464520,46200,0,0,0,10920,5880,0,52440,0,0,0,199200,112800,0,28200,0,0,0,0,0,0,547440,2040,0,0,0,0,0,0,315480,122040,0,74160,0,0,0,0,72480,151320,0,32160,0,57840,805560,69960,395520,0,203280,173040,0,1139760,41640,418440,0,0,0,264360,107280,467400,53640,495360,169320,200640,44400,960,36960,1250160,0,287520,1508520,0,0,0,0,269040,200160,4440,0,0,391560,93720,15240,0,0,31800,0,1150920,0,480,34560,54120,327120,0,79200,0,0,19440,0,363840,14160,6000,262560,348960,16320,93720,0,99120,944880,19680,15120,0,0,0,0,0,0,0,0,0,0,0,0,2160,0,0,0,0,0,0,0,0,0,0,0,0,115440,0,0,0,0,292080,3360,0,6120,168360,120720,0,0,390360,45600,0,0,0,0,0,37080,0,0,0,0
RIMR,0,0,0,0,0,0,104520,0,0,921600,0,0,61800,0,0,0,3720,0,345960,77640,152640,0,32400,0,9960,200160,0,335640,0,141600,775680,156000,0,0,0,0,0,0,0,0,0,0,0,0,0,0,23040,0,0,0,0,0,0,0,0,0,0,0,0,0,0,0,41520,333840,0,0,0,0,5040,469320,105000,714000,32400,62760,0,0,719760,595440,0,204240,0,0,318480,9240,884280,108120,75720,0,4200,276480,0,10440,0,173880,309000,0,213840,0,1259640,0,233040,0,12960,847920,0,0,92640,0,229080,0,0,0,0,0,0,23640,0,123600,0,0,452520,49800,66480,0,0,861600,39120,147000,0,455880,14760,51720,0,0,19800,0,0,0,0,0,0,0,462240,831240,379080,0,0,275640,218400,68640,17640,0,0,0,0,0,0,0,0,0,0,0,0,0,0,0,0,0,0,0,0,0,0,0,0,54360,0,0,0,0,0,0,0,0,0,134040,0,0,52680,11880,18720,0,0,0,0,0,0,28560,0,0,0
RIBR,0,0,0,0,0,108360,0,0,0,0,29640,27600,0,0,0,0,0,257160,73440,881040,34800,0,5160,0,0,0,335640,0,0,34440,0,142080,0,0,0,0,0,0,0,0,0,0,0,0,0,19320,239760,32880,0,0,0,0,0,0,81840,0,0,142320,0,357000,212880,0,180360,1084440,0,0,0,0,0,133800,148320,9120,0,450840,15360,0,0,60120,0,502080,0,0,142680,85680,250080,52440,0,0,0,409560,0,0,104640,74640,203640,0,990240,0,0,0,19320,0,43680,178320,0,0,852960,0,31680,0,34560,0,0,0,0,96720,0,121320,0,0,45000,0,0,0,0,644040,0,31560,0,989760,53040,0,48360,0,0,0,0,0,0,0,134280,0,20040,0,0,0,0,0,0,0,0,0,0,0,0,0,0,0,0,0,0,43560,0,0,0,0,0,0,0,0,0,0,0,5400,0,0,0,0,0,0,0,0,332640,240,44520,199200,0,0,0,0,5880,0,0,0,0,0,0,0,0,0,0
RICR,0,0,56640,33600,9360,411960,237840,69000,0,25680,0,0,171240,0,0,0,118320,0,0,0,311520,112920,18720,98760,279240,0,0,0,0,51240,22560,0,0,0,45120,19920,5400,0,0,0,0,0,0,0,64080,0,25680,161040,0,0,111360,198720,30120,480,0,30120,49800,300000,0,24480,0,0,0,0,53760,0,29760,0,0,53040,286800,74880,36120,0,110280,66240,616080,240600,0,0,0,0,95880,736320,233760,0,100320,0,0,32040,0,0,0,30600,476880,175200,121440,0,53280,0,336720,0,0,102240,0,0,0,0,140520,1800,0,0,0,0,0,0,0,0,88080,4920,353160,107160,117360,10320,81720,19080,0,0,0,1560,0,1878720,0,0,0,0,0,0,0,0,0,0,0,0,698520,541920,114840,18240,0,97800,0,87960,0,0,0,0,0,53160,0,264360,0,155880,51840,39240,56400,0,0,40200,0,0,113520,0,29880,0,0,0,14400,0,0,27720,0,0,240,6360,31200,0,0,0,0,0,316080,0,46320,0,0,943200,136320,2400,32400,0,0
AVBR,0,0,0,0,0,52800,0,0,0,0,0,164520,42000,0,49440,186480,330720,0,34800,28920,1080,37080,97200,2160,0,244800,141600,34440,51240,0,0,0,0,0,0,0,0,0,0,0,0,360,0,0,0,0,16320,0,3720,0,0,0,0,0,0,0,0,8880,0,3240,0,0,186240,0,0,0,0,0,0,0,33360,0,0,0,0,0,248520,0,0,0,0,0,0,66960,1920,63840,927120,0,0,0,0,0,36480,126120,0,0,0,0,36720,0,99840,0,9600,0,9240,0,67320,0,0,0,0,0,481440,0,0,144360,0,120720,0,201480,6480,384360,4920,666000,0,53400,244680,134040,0,64560,275520,24480,0,0,644520,0,0,0,0,0,0,0,0,2280,283680,109920,99120,0,22200,121080,0,172080,0,0,0,0,0,0,0,0,0,0,0,0,0,0,0,0,0,0,0,0,9360,0,0,0,152520,631080,0,0,0,0,0,0,0,0,968760,0,242520,0,643440,201360,58680,0,0,2040,0,122040,0,0,0
SAADL,0,0,0,1200,0,0,0,0,0,369360,120,0,124440,0,0,0,154560,0,77280,0,1680,0,103320,255720,51960,261960,775680,0,22560,0,6120,0,0,0,0,0,0,0,0,0,0,0,0,0,0,0,0,0,0,0,0,16200,68040,0,0,360,0,0,0,0,0,0,40440,6360,0,0,303600,0,0,500520,93840,722760,0,0,0,0,140040,0,0,33360,0,0,0,111240,488640,0,0,0,61320,360,0,0,0,149880,0,182040,0,0,17160,0,25080,0,0,354240,0,0,0,0,1680,0,0,0,3960,0,0,0,0,0,0,39120,719760,15120,0,21360,5040,0,0,732960,0,840,23760,6000,13200,0,66360,0,125640,0,33840,0,0,234000,6360,136800,37080,203760,103200,183960,938400,88680,0,154200,0,0,0,0,0,67320,0,129960,0,0,0,743040,0,0,0,0,0,0,0,0,0,0,0,0,0,0,0,0,0,0,180840,0,44280,0,0,0,0,1200,30000,0,0,0,0,390000,0,0,0,0,0
AVL,0,0,19200,1920,0,0,0,37800,0,0,49680,131280,0,0,0,0,53880,202200,480000,0,0,0,0,0,305400,205320,156000,142080,0,0,0,0,0,0,0,0,0,0,0,0,0,0,0,0,0,11280,38040,14520,39720,0,0,155280,190920,0,45360,0,11040,34320,0,219480,183240,0,30480,3000,0,14520,0,258720,0,105720,0,0,960,659640,0,0,0,30120,15360,3720,0,0,240,0,1560,0,0,0,0,111960,0,0,0,0,30720,0,0,0,0,0,103800,0,0,126240,0,0,0,0,178800,0,0,0,0,0,0,168480,0,0,0,0,314280,0,336000,0,0,0,0,146760,0,1835640,0,0,0,0,0,0,9360,0,119160,0,0,0,671760,807240,0,0,0,2880,111600,0,0,0,0,0,0,0,0,0,0,0,0,0,0,0,0,0,0,0,0,0,0,0,0,0,0,0,0,0,0,0,0,0,0,0,0,1409880,0,0,0,18480,0,0,0,0,0,6360,0,0,0,0,0
BWM-VL07,0,0,0,0,36720,0,0,0,0,0,0,0,0,0,0,0,0,0,0,0,0,1080,0,0,0,0,0,0,0,0,0,0,0,0,0,0,0,0,0,0,0,0,0,0,0,0,0,0,0,0,0,0,0,0,0,0,0,0,0,0,0,0,0,0,0,0,0,0,0,0,0,0,0,0,0,0,0,0,0,0,0,0,0,0,0,0,0,0,0,0,0,0,0,0,0,0,0,0,0,0,0,0,0,0,0,0,0,0,0,0,0,0,0,0,0,0,0,0,0,0,0,0,0,0,0,0,0,0,0,0,0,78600,0,0,0,0,0,0,0,0,0,0,0,0,0,0,0,0,0,0,0,0,0,0,0,0,0,0,0,0,0,0,0,82440,0,0,0,0,0,0,0,0,0,0,0,0,0,0,0,0,0,0,0,0,0,0,0,0,0,0,0,0,0,0,0,0,0,0,0,0,0
BWM-VR01,0,0,0,0,0,376080,0,0,0,0,0,0,192120,0,0,0,0,185040,0,0,0,0,0,0,0,0,0,0,0,0,0,0,0,0,0,55920,2082840,0,491640,19200,0,0,0,0,0,0,0,0,0,0,0,0,0,0,578880,0,80520,0,213360,7560,4440,2280,0,0,0,0,119400,70080,285120,16080,0,0,0,73800,0,0,0,0,0,0,0,0,77760,0,0,0,0,0,15480,165120,140520,0,0,0,0,0,0,0,0,0,0,0,0,0,0,0,0,0,0,0,0,0,0,0,0,0,0,0,0,0,480,0,0,0,0,0,0,0,0,0,0,0,0,0,0,0,0,0,0,0,0,0,0,0,0,0,0,0,0,0,0,0,0,0,0,0,0,0,0,0,0,0,0,0,0,12960,0,0,0,0,0,960,0,0,0,0,0,0,0,0,0,0,0,0,0,0,0,0,0,0,0,0,3960,0,0,0,0,0,0,0,0
BWM-VR04,0,0,0,0,0,105720,0,0,0,0,0,0,192000,0,0,14880,0,0,0,0,0,0,0,0,0,0,0,0,45120,0,0,0,0,0,0,1005000,0,0,0,0,0,0,0,0,0,0,0,0,0,0,0,0,0,0,0,0,0,8640,0,0,0,0,0,0,0,0,0,0,521400,0,0,0,301200,0,0,0,0,41160,0,0,0,0,0,0,0,0,0,0,0,6360,11040,0,0,0,12960,0,0,0,0,0,0,0,0,0,0,0,0,0,0,0,0,0,0,0,0,0,0,0,0,0,0,0,0,0,0,0,0,52320,0,0,0,0,0,0,0,0,0,0,0,0,0,0,0,0,0,0,15120,0,0,0,0,0,0,0,0,0,0,0,0,29040,0,0,0,0,583080,6240,0,0,0,0,0,0,0,0,0,0,0,0,0,0,0,0,0,0,0,0,0,0,0,0,0,0,67920,0,0,0,0,0,0,0,0
BWM-VR02,0,0,0,0,0,34680,0,0,0,0,0,0,0,0,0,6600,0,0,0,0,5760,0,0,0,0,0,0,0,19920,0,0,0,0,55920,1005000,0,0,0,0,0,0,0,0,0,0,0,0,0,0,0,0,0,0,0,262800,0,111960,0,21360,0,18720,0,0,0,0,0,0,384600,494400,0,0,0,250440,0,3000,0,0,138360,0,0,0,0,0,0,0,0,0,0,0,0,119040,0,0,0,0,0,0,0,0,0,0,0,0,0,0,0,0,0,0,0,0,0,0,0,0,0,0,0,0,0,0,0,0,0,0,0,0,0,0,0,0,0,0,0,0,0,0,0,0,0,0,0,0,0,0,0,0,0,0,0,0,0,0,0,0,488640,0,124800,0,305280,0,0,0,0,0,0,0,0,0,0,0,0,0,0,0,0,0,0,0,0,0,0,11280,0,18720,0,0,0,0,0,0,0,36960,0,0,0,0,0,0,0,0
BWM-VR03,0,0,0,0,0,316800,0,0,0,0,0,0,146040,0,0,0,0,13440,0,0,0,0,0,0,0,0,0,0,5400,0,0,0,0,2082840,0,0,0,0,83400,93840,0,0,0,0,0,0,0,0,0,0,0,0,0,0,0,0,0,0,0,21480,0,885840,0,0,0,0,170400,0,639120,11400,0,0,0,116880,0,0,0,0,0,0,0,0,8520,0,0,0,0,0,0,121080,25320,0,0,0,0,0,0,0,0,0,0,0,0,0,0,0,0,0,0,0,0,0,0,0,0,0,0,0,0,0,0,0,0,0,0,0,0,0,0,0,0,44760,0,0,0,0,0,0,0,0,0,0,0,0,0,0,0,0,0,0,0,0,0,0,0,0,0,0,0,0,0,0,0,0,0,0,0,0,0,0,0,37080,0,0,0,0,0,0,0,0,0,0,0,0,0,0,0,0,0,0,0,0,15600,0,0,60240,0,0,0,0,0
BWM-VL02,225600,0,0,0,0,0,20400,0,0,0,0,0,0,0,0,0,0,0,0,0,0,0,0,0,0,0,0,0,0,0,0,0,0,0,0,0,0,0,148440,0,0,0,0,0,0,0,0,0,0,0,375120,0,0,278040,0,47640,0,0,0,0,307920,0,0,0,0,0,498000,36000,0,0,0,0,118800,0,0,8640,0,238440,0,0,0,0,0,0,0,0,0,0,0,0,0,0,0,0,0,116280,0,0,0,0,0,0,0,0,0,0,0,0,0,0,0,0,0,0,0,0,0,0,0,0,0,0,0,0,0,0,0,0,0,0,0,0,0,0,0,0,0,0,0,0,0,0,0,0,0,1440,0,0,0,0,0,0,5160,0,0,0,858840,0,0,0,13080,0,0,36720,0,0,0,0,0,0,0,0,0,0,0,600,0,0,0,0,990480,0,0,0,0,0,0,0,0,0,0,0,26040,0,0,0,0,0,0,0,0
BWM-VL01,0,0,0,0,480,0,286680,0,0,0,0,0,0,0,0,0,0,237840,0,0,0,0,0,0,0,0,0,0,0,0,0,0,0,491640,0,0,83400,148440,0,1884240,0,0,0,0,0,0,0,0,0,0,0,0,0,600480,0,61800,0,0,0,0,5640,0,0,0,0,0,451560,7920,137160,12960,0,0,0,30960,0,0,0,0,0,0,0,0,0,0,60960,0,0,0,0,0,0,0,0,0,0,132960,0,0,0,0,0,0,0,0,0,0,0,0,0,0,0,0,0,0,0,0,0,0,0,0,0,0,0,0,0,0,0,0,0,0,0,0,0,0,0,0,0,0,0,0,0,0,0,0,0,0,0,0,0,0,0,0,0,0,0,0,0,0,0,0,171600,0,0,126360,0,0,0,0,0,0,0,0,0,0,0,0,0,0,0,0,0,0,0,0,0,0,0,0,0,0,0,0,59880,0,0,0,0,0,0,0,0
BWM-VL03,0,0,0,0,735480,0,209400,0,0,0,0,0,0,0,0,0,0,5640,0,0,0,0,0,0,0,0,0,0,0,0,0,0,0,19200,0,0,93840,0,1884240,0,0,0,0,0,0,0,0,0,0,0,0,0,0,0,0,0,0,0,0,0,0,0,0,0,0,0,613560,0,62040,204240,0,0,0,144480,0,0,0,0,0,0,0,0,0,0,9240,0,0,0,2760,4200,0,0,0,0,0,35400,1560,0,0,0,0,0,0,0,0,0,0,0,0,0,0,0,0,0,0,0,0,0,0,0,23160,0,0,0,0,0,0,0,0,0,0,0,0,0,0,0,0,0,0,0,0,0,0,0,0,0,0,0,0,0,0,0,0,0,0,0,0,0,0,0,0,0,0,102840,0,0,0,0,0,0,0,0,0,0,0,0,0,0,0,0,0,0,0,0,0,0,0,0,0,0,0,0,960,0,0,0,0,0,0,0,0
AWCL,48960,0,0,0,0,31800,53040,0,0,0,0,0,0,700560,0,0,0,0,0,580080,0,0,0,0,0,464520,0,0,0,0,0,0,0,0,0,0,0,0,0,0,0,216000,1230480,6240,0,11040,18480,33600,17880,53040,4200,27000,0,0,0,0,0,0,0,0,0,0,30360,30480,0,0,0,0,0,0,960,34080,0,0,17520,0,0,0,5880,0,171960,21960,0,0,0,0,0,67440,0,0,0,991680,0,0,0,0,21960,576240,0,14040,0,7680,5160,1034400,0,0,22320,501480,0,56640,392400,630480,0,97320,2640,52320,559680,0,0,0,0,0,0,360,480,22440,0,91920,0,0,0,0,28560,0,0,0,0,560520,0,42960,520560,0,0,0,0,0,0,0,0,157560,0,0,0,0,0,0,0,480,0,0,0,14880,0,0,0,0,0,0,0,0,0,0,0,39240,15840,0,0,0,0,0,0,884520,0,39840,6960,0,0,0,0,0,0,0,0,0,0,0,0,0,0,0,0
AWBL,0,0,0,0,0,0,0,31200,0,0,0,231120,0,278760,0,0,0,0,0,0,0,41880,2400,72480,0,46200,0,0,0,360,0,0,0,0,0,0,0,0,0,0,216000,0,153720,772800,0,0,0,0,0,0,0,0,23040,0,0,0,0,0,0,0,0,0,0,0,0,0,0,0,0,0,0,0,0,0,0,0,0,0,212640,0,51960,575760,0,0,0,140280,0,24720,0,0,0,0,8880,0,5400,0,0,0,0,0,0,0,11400,189480,258240,84000,0,8280,0,0,55440,11160,391200,0,15840,115320,1062360,22080,0,0,0,0,0,0,0,0,76080,5880,0,0,0,0,0,105240,0,49680,0,399120,0,572280,0,0,0,0,0,81720,0,101520,0,0,0,0,0,0,0,0,0,0,0,0,0,0,0,149520,0,0,0,0,0,0,0,0,0,0,0,0,132360,89760,0,0,0,0,0,0,0,0,95040,0,0,0,63120,48120,0,0,0,0,0,0,0,0,0
ASIL,27000,0,0,0,0,0,47160,0,0,0,0,0,0,402240,0,0,0,0,0,0,0,0,0,0,0,0,0,0,0,0,0,0,0,0,0,0,0,0,0,0,1230480,153720,0,0,0,0,0,0,21480,21240,0,25440,0,0,0,0,0,0,0,0,0,0,149880,0,0,0,0,0,8280,0,0,0,0,0,0,12000,3960,0,0,0,321240,0,0,0,0,0,0,128760,12000,0,0,479760,0,0,0,0,0,0,31200,0,0,0,0,203280,0,0,0,0,0,0,275400,132120,0,88320,101640,0,133080,0,0,0,0,0,0,10800,0,0,0,0,0,0,0,0,289440,0,0,0,0,64200,0,0,63720,0,0,0,0,0,0,0,0,0,0,0,0,0,0,0,0,0,0,0,0,0,0,0,0,0,0,0,0,0,0,0,0,35280,15000,0,0,0,0,8880,0,106440,0,0,0,0,0,0,0,0,0,0,0,0,0,0,0,0,0,0,0
AWAL,0,0,0,0,0,0,0,0,0,0,0,15360,0,223920,0,0,0,0,0,0,0,1320,0,0,0,0,0,0,0,0,0,0,0,0,0,0,0,0,0,0,6240,772800,0,0,0,0,0,0,0,0,0,0,0,0,0,0,0,0,0,0,0,0,0,0,0,0,0,0,0,0,0,0,0,5880,0,0,0,0,59400,0,0,432480,0,0,0,48960,70560,159360,0,0,0,0,0,0,0,0,0,0,0,0,0,0,52560,89760,921120,360,0,26400,0,0,0,185760,111360,189960,223680,0,1268640,23280,0,0,0,0,0,0,63840,0,2280,0,0,0,0,0,0,166560,0,127440,0,115560,0,87360,0,0,0,0,0,17280,0,53040,0,0,0,0,0,0,0,0,0,0,0,0,0,0,0,434400,0,0,0,0,0,0,0,0,0,0,0,0,163320,0,0,0,0,0,0,0,0,0,3360,334920,0,0,0,0,0,0,0,0,0,0,0,0,0
URADL,53760,0,0,0,0,0,0,0,0,0,0,0,0,0,26760,0,53880,109320,0,0,0,0,0,0,69960,0,0,0,64080,0,0,0,0,0,0,0,0,0,0,0,0,0,0,0,0,0,0,0,543480,461040,0,200520,0,0,0,0,0,0,0,0,180120,0,0,5160,0,4440,0,22080,360,0,0,0,0,55800,0,122880,0,0,57120,0,0,0,0,7920,0,0,0,0,0,0,6480,0,0,0,0,0,0,0,0,0,0,0,0,0,9120,0,0,0,0,0,0,0,0,0,0,720,0,42840,0,5400,0,0,0,22920,0,0,0,0,0,0,52680,79920,0,10680,0,69600,0,0,0,0,0,0,0,0,0,480,0,0,0,0,0,0,0,0,0,0,213000,0,0,0,545760,0,291360,0,0,0,0,0,0,0,0,0,0,0,87960,0,0,0,0,562440,0,0,0,0,0,0,0,0,0,0,0,0,78600,0,0,0,0,0,0,0,0
IL1DR,0,0,0,0,0,0,0,0,0,0,1680,0,0,0,0,240,0,86400,41880,16560,0,0,0,69720,0,10920,0,19320,0,0,0,11280,0,0,0,0,0,0,0,0,11040,0,0,0,0,0,585120,733080,0,18960,0,0,0,0,0,0,0,0,253320,0,361080,0,29400,18000,0,0,991320,47640,0,34800,0,0,0,153000,359160,0,0,0,0,0,0,0,0,0,0,0,0,0,0,0,0,26400,0,0,0,30360,0,5280,0,0,0,24600,0,1680,0,0,27120,23520,0,0,0,0,11040,0,0,0,17040,0,0,18720,0,20880,0,0,0,9600,0,0,0,12720,27000,0,15240,0,1920,0,0,0,0,0,20640,0,2400,0,0,0,0,0,0,0,28560,0,0,0,9120,67800,0,156000,81960,0,0,0,0,0,0,0,0,0,360,0,0,0,560160,0,0,0,0,0,38040,0,0,13800,361320,512640,123600,15000,0,0,0,0,0,0,90960,0,0,0,0,0,0,0,0
URYDR,0,0,0,0,0,0,0,0,0,0,54480,0,0,0,0,0,0,117720,101400,34680,0,0,0,0,52680,5880,23040,239760,25680,16320,0,38040,0,0,0,0,0,0,0,0,18480,0,0,0,0,585120,0,1016040,0,0,0,0,0,0,0,0,0,0,0,0,197520,0,7200,0,0,0,146640,0,0,16200,29520,5760,0,3960,198480,0,4920,0,0,231000,0,0,0,0,67800,0,12000,0,0,0,0,16800,0,3480,28200,7560,0,6480,32040,2520,0,20160,0,64680,0,0,5760,15720,61440,0,0,0,10560,0,0,0,10320,0,0,10680,14280,94920,32520,31680,7920,0,0,4080,0,72480,0,0,0,0,0,0,0,0,0,0,6840,0,0,960,53400,0,0,0,0,28560,37560,0,0,0,0,0,0,0,0,0,0,402240,0,0,0,0,0,0,0,0,0,0,429360,0,0,0,0,0,32640,0,0,11760,27600,243000,0,85560,0,0,0,0,53880,0,0,0,0,0,0,0,0,0,0
OLQDR,0,0,0,0,0,0,0,0,0,0,636360,0,0,0,0,0,0,36720,80400,26160,0,0,0,327840,0,0,0,32880,161040,0,0,14520,0,0,0,0,0,0,0,0,33600,0,0,0,0,733080,1016040,0,0,0,0,0,0,0,0,0,0,0,220920,0,405960,0,27480,0,0,0,63360,4320,0,12480,85560,0,0,0,127320,0,0,0,0,75720,0,0,36360,0,0,0,0,0,0,0,93960,32880,0,0,0,153720,0,12720,0,1080,41400,33720,0,0,0,0,15120,4920,0,0,0,0,13440,0,0,0,24120,0,0,12240,2520,58080,0,0,23640,0,0,0,0,57240,27720,154320,26880,0,34680,0,0,0,0,0,29760,0,2880,0,26160,0,0,0,0,0,38160,0,0,0,0,0,0,0,0,76800,106560,0,0,0,0,0,0,0,0,0,0,0,286800,0,0,0,0,0,42840,0,0,30720,20520,296640,111600,20760,0,0,0,0,0,0,0,0,0,0,0,0,0,0,0
URYDL,0,0,0,0,0,0,0,0,0,1560,91680,0,0,5760,0,0,56040,87120,0,0,0,0,45840,36960,0,52440,0,0,0,3720,0,39720,0,0,0,0,0,0,0,0,17880,0,21480,0,543480,0,0,0,0,896160,0,1197120,0,0,0,0,0,0,0,0,27480,0,3360,33360,0,7080,0,81720,235320,3240,1920,45960,0,61320,0,360000,40440,0,305640,46920,0,0,102960,1920,1800,0,0,4920,0,1560,27240,41400,0,152280,21240,0,0,0,66720,0,77520,0,0,480,10560,36600,0,0,0,0,0,18960,6120,0,17400,247920,0,36240,0,36840,40920,83520,21720,36240,0,0,29400,47280,0,3840,117000,86400,16080,15600,0,0,0,0,0,39720,18600,0,0,960,0,95280,0,0,153600,9960,0,0,0,0,0,0,0,0,0,0,0,0,4200,0,0,0,0,0,0,0,0,0,0,49920,0,0,0,0,20040,488040,0,0,0,0,0,53640,7440,6600,0,36720,45720,0,0,0,0,0,0,0,0,0,0
IL1DL,80760,0,0,0,0,0,0,0,0,0,50280,0,0,11040,3120,0,0,115200,0,0,0,0,0,0,9120,0,0,0,0,0,0,0,0,0,0,0,0,0,0,0,53040,0,21240,0,461040,18960,0,0,896160,0,0,802200,0,0,0,0,0,0,4320,0,26640,0,2160,24000,0,0,0,230040,795240,0,0,0,0,137880,0,234480,0,0,0,5160,5400,0,0,0,0,0,0,47160,0,0,11400,40920,0,0,0,0,0,0,0,0,0,0,0,7560,0,42360,0,0,0,0,0,52920,0,0,34320,46200,0,0,0,0,0,57960,0,0,0,0,720,0,0,0,0,0,13680,20520,0,18480,0,0,0,0,8880,0,0,0,0,0,0,0,45240,0,0,0,0,0,0,0,56640,0,0,0,538680,0,78480,0,0,0,0,0,0,0,0,0,0,186000,0,0,0,0,27600,520560,0,0,17280,0,0,41280,0,8880,0,30120,0,0,88200,0,10920,0,0,0,0,0,0
URBL,709800,0,0,0,0,0,62760,0,0,204960,0,183240,0,0,5760,0,25800,0,0,0,0,49440,0,0,498000,0,0,0,111360,0,0,0,0,0,0,0,0,375120,0,0,4200,0,0,0,0,0,0,0,0,0,0,26760,0,0,0,0,0,0,0,0,164640,0,0,0,0,6120,0,0,0,0,0,0,262560,0,0,498960,3240,33000,130920,8280,0,0,134640,150120,0,0,0,11760,0,2160,27840,0,0,0,72840,0,0,0,5880,0,39360,0,0,480,0,0,0,0,24960,0,0,29880,0,0,2640,0,0,52560,0,14640,0,97560,91200,0,0,0,0,0,0,0,16680,259800,0,0,0,31800,0,0,0,0,0,0,0,0,0,197880,0,0,0,39480,0,0,258240,0,0,0,394560,0,0,0,0,0,0,34800,0,0,0,0,0,6960,0,0,0,648360,468600,62520,0,0,53520,0,39600,0,0,0,0,9240,0,28200,0,0,24360,0,0,0,34440,0,0,0,0,0,0
OLQDL,0,0,0,0,0,0,0,8040,0,0,211680,0,0,0,0,0,1080,99000,0,0,0,0,0,0,336960,0,0,0,198720,0,16200,155280,0,0,0,0,0,0,0,0,27000,0,25440,0,200520,0,0,0,1197120,802200,26760,53160,0,0,0,0,0,0,0,0,0,0,20520,26520,0,0,0,191040,57480,0,0,0,0,4440,0,52560,5280,0,56400,0,2520,0,18360,70440,3240,0,0,5400,0,43200,226440,53520,0,214200,0,75960,0,0,0,0,0,0,0,0,24480,84960,0,0,0,0,0,13080,0,0,6240,202080,0,6600,0,0,0,40680,0,26760,0,0,18360,0,0,233160,41760,111720,39720,14160,0,1200,0,0,0,0,40320,0,4200,0,0,37200,0,0,183480,0,0,0,0,0,0,0,8040,0,0,0,79800,0,4680,0,0,0,0,0,0,480,0,0,0,124200,0,0,0,0,31200,354000,0,0,0,0,0,65520,0,0,0,34920,0,0,0,0,90960,0,0,0,0,0,0
URYVL,0,0,0,211440,0,0,445920,370800,0,0,625800,166800,0,0,0,0,74040,31080,0,0,0,720,66120,26760,0,199200,0,0,30120,0,68040,190920,0,0,0,0,0,0,0,0,0,23040,0,0,0,0,0,0,0,0,0,0,0,330000,0,1387560,0,0,0,0,7440,0,191760,0,0,0,172200,86880,0,240600,0,0,0,780720,0,0,0,0,67440,0,0,25560,0,37440,0,0,0,0,21360,0,0,0,0,647040,0,371520,0,0,0,0,29160,0,0,0,0,9840,0,0,0,0,0,0,37440,0,0,415080,0,15600,0,41280,0,39960,0,0,0,0,0,0,0,83040,0,0,0,0,0,0,0,0,0,11040,0,0,5760,0,0,112200,0,0,126600,10200,0,0,0,0,0,0,0,0,0,0,0,0,0,19320,0,0,0,0,0,0,0,0,0,88560,0,0,0,0,0,0,0,0,0,0,0,212760,1200,0,0,85320,19080,39360,51720,0,0,0,0,0,0,0,0
URAVL,146040,0,0,677160,0,0,126480,288480,0,0,77880,0,0,0,0,0,0,340560,0,0,0,24240,31440,0,0,112800,0,0,480,0,0,0,0,0,0,0,0,278040,600480,0,0,0,0,0,0,0,0,0,0,0,0,0,330000,0,0,289440,0,0,0,0,244440,0,23760,0,0,0,104280,142200,0,0,0,0,0,87480,0,0,0,0,52080,0,0,0,0,12240,0,0,0,0,25920,0,0,0,0,0,0,2400,0,0,0,0,18120,0,0,0,0,0,0,0,0,0,0,0,0,0,0,113760,0,0,0,0,0,0,0,0,0,0,0,0,0,0,0,17280,0,0,0,0,0,0,0,0,0,0,0,0,0,19080,0,0,0,5520,0,0,0,0,0,0,0,0,0,0,467040,0,0,0,0,0,0,0,0,0,0,0,1800,600,25200,0,0,0,0,0,0,0,0,0,0,25080,0,0,0,1200,44520,0,56520,0,0,0,0,0,0,0,0
URAVR,0,0,552480,0,0,99600,0,0,0,0,102000,4440,0,0,0,0,0,180840,40320,0,13440,0,0,0,0,0,0,81840,0,0,0,45360,0,578880,0,262800,0,0,0,0,0,0,0,0,0,0,0,0,0,0,0,0,0,0,0,0,112080,323400,627840,168960,163320,0,0,80040,0,0,0,214440,59280,0,0,0,0,234960,0,0,0,0,0,0,0,0,0,42360,0,0,0,0,0,0,0,0,0,0,16200,0,19920,0,0,0,20160,0,0,59640,0,0,0,0,13440,0,0,0,0,0,0,0,0,0,0,0,0,0,0,0,0,0,0,0,0,0,0,7440,0,0,0,0,0,0,0,0,0,0,0,0,10800,0,0,0,0,0,0,0,0,0,0,0,0,94920,0,0,0,88800,0,0,0,50760,0,0,0,0,0,0,0,0,0,0,0,0,0,0,0,0,12480,0,18000,47040,0,0,0,0,54600,0,15480,0,0,0,0,0,0,0,0
IL1VL,203760,0,0,591000,0,0,421680,431760,0,0,64560,8400,0,0,0,0,0,177120,0,0,0,17040,9600,0,0,28200,0,0,30120,0,360,0,0,0,0,0,0,47640,61800,0,0,0,0,0,0,0,0,0,0,0,0,0,1387560,289440,0,0,0,0,0,0,20280,0,37320,0,0,0,161280,464520,0,0,0,0,0,182040,0,0,0,0,41160,0,0,0,0,27720,0,0,0,0,11640,0,0,0,0,3120,0,1513080,0,0,0,0,34800,0,0,0,0,0,0,0,0,0,0,0,0,0,0,0,0,0,0,0,0,0,0,0,0,0,0,0,0,0,0,38520,0,0,0,0,0,0,0,0,0,0,0,0,0,33360,0,0,25440,27240,0,0,0,0,0,0,0,0,0,0,299520,0,0,54360,0,0,0,0,0,0,0,0,0,334560,0,0,0,0,0,0,0,0,15720,0,0,29880,0,0,0,0,46920,0,87960,0,0,0,0,0,0,0,0
IL1VR,0,0,582720,0,0,484200,0,0,0,41520,79200,24000,34200,0,0,0,0,111600,33600,0,13560,0,0,0,0,0,0,0,49800,0,0,11040,0,80520,0,111960,0,0,0,0,0,0,0,0,0,0,0,0,0,0,0,0,0,0,112080,0,0,429360,442080,1195080,400680,0,0,84360,0,0,0,0,137400,0,0,0,0,118920,0,0,0,0,0,0,0,0,6480,8040,0,0,0,0,0,0,1149360,0,0,0,42120,0,42600,0,0,0,25080,0,0,0,0,0,0,0,32160,0,0,0,0,0,0,0,0,0,0,0,0,0,0,0,0,0,0,0,0,0,0,29640,0,0,0,0,0,0,0,0,0,0,0,0,11280,0,0,0,0,0,0,0,0,0,0,0,0,113400,0,0,0,90960,0,0,0,0,0,0,0,0,0,0,0,0,0,0,0,0,0,0,0,0,271080,0,0,18960,0,0,0,0,51120,0,4440,0,0,0,0,0,0,0,0
OLQVR,0,0,339000,0,0,36960,0,0,0,0,1176000,44280,270480,0,0,0,0,0,204720,0,0,0,0,0,0,0,0,142320,300000,8880,0,34320,0,0,8640,0,0,0,0,0,0,0,0,0,0,0,0,0,0,0,0,0,0,0,323400,0,429360,72600,279480,401880,441720,0,0,54360,0,0,0,0,442440,0,0,0,0,96840,0,0,0,0,0,94080,0,0,0,99000,0,35280,0,0,0,0,28440,0,7800,0,103680,0,11280,0,0,0,9960,0,0,0,0,0,66960,0,0,0,0,0,0,0,0,0,0,13680,0,0,0,0,0,14400,0,30960,32400,0,0,43560,57120,75240,0,0,0,0,0,0,0,0,0,0,0,720,208800,0,0,0,0,0,0,0,0,0,0,0,0,0,0,55800,0,41400,0,0,98040,124680,0,0,0,0,0,0,0,0,0,0,0,6960,0,0,0,0,113520,0,131640,44280,0,0,0,0,44160,0,36360,0,0,0,0,0,0,0,0
RIPR,0,0,626040,0,0,88200,0,0,0,0,745320,0,0,0,0,0,0,183600,0,0,0,0,0,6240,0,0,0,0,0,0,0,0,0,213360,0,21360,0,0,0,0,0,0,0,0,0,253320,0,220920,0,4320,0,0,0,0,627840,0,442080,279480,0,9240,176040,0,0,0,0,0,5280,137160,0,0,0,0,0,27720,12840,0,0,0,0,0,0,0,0,6960,0,0,0,0,0,0,5760,0,0,0,0,0,0,0,0,0,0,0,0,0,0,0,0,0,0,0,0,0,0,0,0,0,0,0,0,0,0,0,0,0,0,0,0,0,0,0,0,0,0,0,0,0,0,0,0,0,0,0,0,0,0,0,0,0,0,0,0,0,0,0,0,100440,0,0,6600,0,191520,67200,0,0,0,0,0,0,0,0,0,0,401640,0,0,0,0,0,0,0,0,0,0,736080,25680,0,0,0,0,0,0,0,30840,0,0,0,0,0,0,0,0
URYVR,0,0,168240,0,0,999000,0,0,0,131880,210720,155160,0,0,0,0,0,55920,231960,0,0,0,0,0,65520,0,0,357000,24480,3240,0,219480,0,7560,0,0,21480,0,0,0,0,0,0,0,0,0,0,0,0,0,0,0,0,0,168960,0,1195080,401880,9240,0,142680,0,19080,183720,0,0,0,0,264000,0,0,0,0,502560,0,0,40560,0,0,512280,0,0,49680,91440,0,39240,4440,0,0,135360,550320,0,240,0,44520,0,16680,0,0,0,81000,0,0,100080,0,0,42240,0,104640,0,0,0,0,0,0,0,0,31320,0,0,0,0,0,38880,0,43680,25320,0,0,64200,136440,82200,0,0,0,0,0,0,0,0,0,0,0,63360,135720,0,0,0,0,0,0,25200,0,0,0,0,0,0,0,0,0,78480,0,0,0,0,0,0,0,0,0,0,0,0,0,0,0,7920,0,0,0,0,179760,0,0,128400,0,0,0,0,44280,0,124920,0,0,0,0,0,0,0,0
RMER,946200,0,111720,162600,0,39240,0,0,0,0,460800,0,0,0,0,0,0,679320,143400,0,0,0,0,0,0,0,0,212880,0,0,0,183240,0,4440,0,18720,0,307920,5640,0,0,0,0,0,180120,361080,197520,405960,27480,26640,164640,0,7440,244440,163320,20280,400680,441720,176040,142680,0,0,129240,0,0,0,66480,354480,16320,0,0,0,0,825840,0,0,0,0,0,26880,0,0,0,0,0,0,0,0,0,0,17160,0,0,0,0,3360,0,0,0,0,0,0,0,0,0,0,0,0,0,0,0,0,0,0,0,0,0,0,0,0,0,0,0,0,0,0,0,0,0,212160,0,0,0,0,0,0,0,0,0,0,0,0,0,0,0,0,0,0,0,0,0,0,0,0,0,0,719160,34200,31320,0,52320,0,0,0,0,0,9960,0,0,0,0,0,99600,168120,982080,0,0,0,0,139560,0,0,739680,76080,791760,36240,0,0,0,0,0,0,0,0,0,0,0,0,0,0,0
BWM-VR05,0,0,0,0,0,250080,0,0,0,0,0,0,27480,0,0,0,0,0,0,0,0,0,0,0,0,0,0,0,0,0,0,0,0,2280,0,0,885840,0,0,0,0,0,0,0,0,0,0,0,0,0,0,0,0,0,0,0,0,0,0,0,0,0,0,0,0,0,86040,0,172200,0,0,0,0,67680,0,0,0,0,0,0,0,0,0,0,0,0,0,0,0,0,123360,0,0,0,0,0,0,0,0,0,0,0,0,0,0,0,0,0,0,0,0,0,0,0,0,0,0,0,0,0,0,0,0,0,0,0,0,0,0,0,0,35400,0,0,0,0,0,0,0,0,0,0,0,0,0,0,0,0,0,0,0,0,0,0,0,0,0,0,0,0,0,0,0,0,0,0,0,0,0,0,0,55080,0,0,0,0,0,0,0,0,0,0,0,0,0,0,0,0,0,0,0,0,120,0,0,101760,0,0,0,0,0
BAGR,0,0,0,50520,0,0,101040,156840,0,0,133320,331200,0,0,0,0,265800,0,72360,21600,0,0,0,0,3720,547440,41520,180360,0,186240,40440,30480,0,0,0,0,0,0,0,0,30360,0,149880,0,0,29400,7200,27480,3360,2160,0,20520,191760,23760,0,37320,0,0,0,19080,129240,0,0,895200,0,0,165960,28200,0,66960,22800,86880,0,0,18000,0,164880,0,83400,404280,50640,80400,0,77760,0,0,0,0,589080,2400,0,3840,0,29760,47280,0,0,0,94080,0,97320,0,0,66600,0,186000,93960,0,3720,0,13920,0,0,0,0,1072440,0,0,0,0,52200,210240,43680,0,0,0,0,288000,0,7080,101880,0,334320,0,0,0,0,433560,0,317040,42240,0,0,0,0,0,0,0,773520,24960,0,0,0,0,0,0,0,18960,0,0,0,0,0,0,0,0,0,0,0,0,0,0,0,0,0,0,0,0,0,2400,0,0,3960,23520,60960,49080,74880,0,0,73200,170520,0,0,0,0,0,0,0,0,0,0
